0.0	0.0
0.0	0.0009950248756218905
0.0	0.0029850746268656717
0.0	0.004975124378109453
0.0	0.008955223880597015
0.0	0.010945273631840797
0.0	0.012935323383084577
0.0	0.015920398009950248
0.0	0.01691542288557214
0.0	0.01890547263681592
0.0	0.021890547263681594
0.0	0.022885572139303482
0.0	0.027860696517412936
0.0	0.029850746268656716
0.0	0.03383084577114428
0.0	0.03482587064676617
0.00022999080036798528	0.03681592039800995
0.00022999080036798528	0.042786069651741296
0.00022999080036798528	0.04875621890547264
0.00022999080036798528	0.04975124378109453
0.00022999080036798528	0.051741293532338306
0.00022999080036798528	0.05472636815920398
0.00022999080036798528	0.056716417910447764
0.00022999080036798528	0.0626865671641791
0.00022999080036798528	0.06467661691542288
0.00022999080036798528	0.06567164179104477
0.00022999080036798528	0.07064676616915423
0.00022999080036798528	0.07263681592039802
0.00022999080036798528	0.07462686567164178
0.00022999080036798528	0.07661691542288557
0.00022999080036798528	0.08159203980099503
0.00022999080036798528	0.08258706467661692
0.00022999080036798528	0.0845771144278607
0.00022999080036798528	0.08955223880597014
0.00045998160073597056	0.09353233830845771
0.00045998160073597056	0.09651741293532339
0.00045998160073597056	0.10049751243781095
0.00045998160073597056	0.10149253731343283
0.0006899724011039559	0.1044776119402985
0.0006899724011039559	0.1054726368159204
0.0006899724011039559	0.10845771144278607
0.0006899724011039559	0.11243781094527364
0.0006899724011039559	0.1154228855721393
0.0006899724011039559	0.11940298507462686
0.0006899724011039559	0.12238805970149254
0.0006899724011039559	0.12437810945273632
0.0006899724011039559	0.12835820895522387
0.0006899724011039559	0.13134328358208955
0.0006899724011039559	0.13333333333333333
0.0006899724011039559	0.13432835820895522
0.0006899724011039559	0.1373134328358209
0.0006899724011039559	0.13930348258706468
0.0006899724011039559	0.14427860696517414
0.0009199632014719411	0.14527363184079603
0.0009199632014719411	0.14925373134328357
0.0009199632014719411	0.15323383084577114
0.0009199632014719411	0.15422885572139303
0.0009199632014719411	0.1582089552238806
0.0011499540018399263	0.1582089552238806
0.0011499540018399263	0.16019900497512438
0.0013799448022079118	0.16119402985074627
0.001609935602575897	0.16119402985074627
0.0018399264029438822	0.16218905472636816
0.0018399264029438822	0.16517412935323383
0.0018399264029438822	0.1691542288557214
0.0018399264029438822	0.17114427860696518
0.0018399264029438822	0.17313432835820897
0.0018399264029438822	0.17512437810945275
0.0020699172033118675	0.1771144278606965
0.0020699172033118675	0.18009950248756218
0.0020699172033118675	0.18407960199004975
0.0022999080036798527	0.18706467661691542
0.0022999080036798527	0.191044776119403
0.0022999080036798527	0.19402985074626866
0.0022999080036798527	0.19601990049751244
0.0022999080036798527	0.19701492537313434
0.002529898804047838	0.19701492537313434
0.002529898804047838	0.19800995024875623
0.002529898804047838	0.2009950248756219
0.0027598896044158236	0.2009950248756219
0.0027598896044158236	0.20298507462686566
0.0027598896044158236	0.20696517412935322
0.0027598896044158236	0.21194029850746268
0.002989880404783809	0.21393034825870647
0.0036798528058877645	0.21691542288557214
0.00390984360625575	0.21691542288557214
0.00390984360625575	0.21791044776119403
0.004139834406623735	0.21791044776119403
0.004829806807727691	0.21791044776119403
0.004829806807727691	0.2228855721393035
0.005059797608095676	0.22388059701492538
0.005059797608095676	0.22487562189054727
0.005519779208831647	0.22587064676616916
0.005749770009199632	0.22686567164179106
0.005749770009199632	0.22786069651741295
0.005979760809567618	0.22885572139303484
0.005979760809567618	0.23283582089552238
0.006209751609935602	0.23383084577114427
0.006209751609935602	0.23681592039800994
0.006669733210671573	0.23781094527363184
0.006669733210671573	0.23980099502487562
0.0068997240110395585	0.2407960199004975
0.007129714811407544	0.2427860696517413
0.0078196872125115	0.2427860696517413
0.008049678012879485	0.24378109452736318
0.008739650413983441	0.24577114427860697
0.00919963201471941	0.24577114427860697
0.00919963201471941	0.2517412935323383
0.00919963201471941	0.2537313432835821
0.00919963201471941	0.25870646766169153
0.009429622815087397	0.26169154228855723
0.010119595216191352	0.26169154228855723
0.010349586016559338	0.26169154228855723
0.010809567617295308	0.2656716417910448
0.011269549218031279	0.26666666666666666
0.011499540018399264	0.26865671641791045
0.011729530818767249	0.26965174129353237
0.012419503219871205	0.27064676616915423
0.012879484820607176	0.2736318407960199
0.01310947562097516	0.2766169154228856
0.013339466421343146	0.281592039800995
0.013569457221711132	0.28258706467661693
0.014489420423183073	0.28756218905472636
0.014489420423183073	0.29253731343283584
0.014949402023919043	0.2955223880597015
0.015869365225390984	0.29950248756218906
0.01655933762649494	0.29950248756218906
0.016789328426862926	0.3004975124378109
0.01701931922723091	0.3024875621890547
0.017479300827966882	0.3044776119402985
0.017939282428702852	0.3054726368159204
0.01839926402943882	0.3124378109452736
0.019089236430542778	0.31840796019900497
0.02092916283348666	0.32139303482587067
0.021389144434222632	0.32338308457711445
0.021849126034958602	0.33233830845771145
0.022539098436062558	0.3373134328358209
0.023689052437902484	0.3402985074626866
0.02437902483900644	0.34228855721393037
0.025528978840846366	0.34427860696517415
0.02621895124195032	0.3472636815920398
0.026908923643054278	0.3522388059701492
0.02782888684452622	0.3572139303482587
0.028058877644894203	0.3592039800995025
0.028058877644894203	0.3641791044776119
0.02874885004599816	0.3711442786069652
0.029438822447102116	0.3761194029850746
0.030128794848206072	0.3800995024875622
0.030818767249310028	0.382089552238806
0.03173873045078197	0.38606965174129354
0.03173873045078197	0.3890547263681592
0.03288868445262189	0.3900497512437811
0.03564857405703772	0.3920398009950249
0.03633854645814168	0.3940298507462687
0.03771849126034959	0.39800995024875624
0.03955841766329347	0.4
0.04139834406623735	0.40497512437810945
0.042778288868445265	0.408955223880597
0.04392824287028519	0.41194029850746267
0.04461821527138914	0.41592039800995023
0.04576816927322907	0.4228855721393035
0.046918123275068994	0.42587064676616915
0.04875804967801288	0.43283582089552236
0.049908003679852805	0.4388059701492537
0.050827966881324745	0.44676616915422884
0.05197792088316467	0.4507462686567164
0.053817847286108556	0.45174129353233833
0.05496780128794848	0.4606965174129353
0.05726770929162833	0.46567164179104475
0.058647654093836245	0.4746268656716418
0.061637534498620056	0.47960199004975124
0.06324747010119595	0.4845771144278607
0.06462741490340386	0.48855721393034823
0.06784728610855566	0.4935323383084577
0.07014719411223551	0.49651741293532337
0.0733670653173873	0.49950248756218907
0.07635694572217111	0.5014925373134328
0.078196872125115	0.5114427860696518
0.08095676172953081	0.5164179104477612
0.0844066237350506	0.5203980099502488
0.08739650413983441	0.5253731343283582
0.08969641214351426	0.5263681592039801
0.0922263109475621	0.5313432835820896
0.09429622815087396	0.536318407960199
0.09659613615455381	0.5442786069651742
0.09889604415823366	0.5442786069651742
0.10073597056117756	0.5462686567164179
0.10349586016559338	0.5492537313432836
0.10648574057037719	0.5532338308457712
0.10878564857405704	0.5582089552238806
0.11039558417663294	0.5621890547263682
0.11384544618215271	0.5691542288557214
0.11706531738730451	0.573134328358209
0.12028518859245631	0.5800995024875621
0.12235510579576817	0.5860696517412936
0.12465501379944802	0.5880597014925373
0.12764489420423183	0.5930348258706468
0.12994480220791169	0.5950248756218905
0.13408463661453543	0.6009950248756218
0.13845446182152715	0.6029850746268657
0.14190432382704693	0.609950248756219
0.14604415823367065	0.618905472636816
0.1499540018399264	0.6238805970149254
0.15248390064397424	0.6268656716417911
0.1547838086476541	0.6338308457711442
0.15731370745170192	0.6358208955223881
0.15915363385464582	0.6388059701492538
0.1626034958601656	0.6407960199004975
0.16651333946642136	0.6487562189054726
0.17134314627414904	0.6537313432835821
0.1750229990800368	0.6577114427860696
0.1782428702851886	0.6646766169154229
0.18215271389144433	0.6736318407960199
0.1846826126954922	0.6766169154228856
0.18790248390064399	0.681592039800995
0.19135234590616376	0.6855721393034826
0.19480220791168354	0.6935323383084577
0.19756209751609935	0.6985074626865672
0.2014719411223551	0.7024875621890547
0.2044618215271389	0.7054726368159204
0.2095216191352346	0.7104477611940299
0.2127414903403864	0.7134328358208956
0.2168813247470101	0.7174129353233831
0.22148114075436984	0.7194029850746269
0.22585096596136153	0.7233830845771144
0.22930082796688134	0.7303482587064677
0.23183072677092917	0.736318407960199
0.23643054277828887	0.7402985074626866
0.23965041398344067	0.745273631840796
0.24425022999080037	0.7502487562189055
0.24931002759889603	0.7572139303482587
0.25390984360625574	0.7611940298507462
0.2573597056117755	0.764179104477612
0.26241950321987123	0.7691542288557214
0.26701931922723093	0.7781094527363184
0.2702391904323827	0.7820895522388059
0.27414903403863844	0.7880597014925373
0.2778288868445262	0.7910447761194029
0.2831186752529899	0.8019900497512438
0.28794848206071755	0.8049751243781095
0.29438822447102114	0.8059701492537313
0.3005979760809568	0.8119402985074626
0.3068077276908924	0.8169154228855722
0.31209751609935604	0.8208955223880597
0.31669733210671575	0.8278606965174129
0.32129714811407545	0.8338308457711443
0.32842686292548295	0.8398009950248756
0.33348666053357867	0.844776119402985
0.33946642134314625	0.8477611940298507
0.34774609015639374	0.8517412935323383
0.3557957681692732	0.8557213930348259
0.3608555657773689	0.8587064676616916
0.3675252989880405	0.8616915422885573
0.3723551057957682	0.8706467661691543
0.3810947562097516	0.8746268656716418
0.3873045078196872	0.8776119402985074
0.3921343146274149	0.882587064676617
0.39926402943882244	0.8865671641791045
0.40639374425023	0.891542288557214
0.41306347746090155	0.8925373134328358
0.41766329346826125	0.8935323383084577
0.42594296228150874	0.8965174129353234
0.4330726770929163	0.8995024875621891
0.43882244710211593	0.9024875621890547
0.4436522539098436	0.9034825870646767
0.45262189512419504	0.909452736318408
0.46021159153633856	0.9144278606965174
0.46941122355105797	0.9164179104477612
0.47746090156393745	0.9203980099502488
0.48390064397424104	0.9233830845771144
0.49103035878564855	0.9253731343283582
0.5013799448022079	0.9303482587064676
0.5094296228150874	0.9343283582089552
0.5181692732290708	0.9373134328358209
0.5266789328426863	0.9393034825870646
0.5349586016559338	0.9412935323383085
0.5413983440662373	0.9442786069651742
0.5482980680772769	0.9472636815920398
0.5586476540938362	0.9502487562189055
0.5650873965041399	0.9512437810945273
0.5765869365225391	0.9552238805970149
0.5853265869365225	0.9572139303482587
0.59360625574977	0.9611940298507463
0.6021159153633855	0.96318407960199
0.6120055197792088	0.9641791044776119
0.6200551977920883	0.9671641791044776
0.6313247470101196	0.9671641791044776
0.6425942962281509	0.9701492537313433
0.6540938362465502	0.9711442786069652
0.6644434222631095	0.972139303482587
0.6768629254829807	0.9761194029850746
0.6856025758969642	0.9791044776119403
0.6968721251149954	0.9800995024875622
0.7056117755289788	0.982089552238806
0.7157313707451702	0.9850746268656716
0.7244710211591536	0.9870646766169154
0.735050597976081	0.9880597014925373
0.7472401103955841	0.9880597014925373
0.7594296228150874	0.9890547263681592
0.7683992640294388	0.9900497512437811
0.7792088316467342	0.9920398009950249
0.7895584176632935	0.9920398009950249
0.7992180312787488	0.9930348258706467
0.8086476540938362	0.9930348258706467
0.8219871205151794	0.9950248756218906
0.827966881324747	0.9950248756218906
0.8392364305427783	0.9950248756218906
0.8502759889604415	0.9960199004975124
0.8624655013799448	0.9970149253731343
0.875344986200552	0.9980099502487563
0.8882244710211592	0.9980099502487563
0.9015639374425023	0.9980099502487563
0.9123735050597976	0.9990049751243781
0.9236430542778289	0.9990049751243781
0.9362925482980681	0.9990049751243781
0.9473321067157314	0.9990049751243781
0.9565317387304508	0.9990049751243781
0.9696412143514259	0.9990049751243781
0.9788408463661453	1.0
0.9901103955841767	1.0
1.0	1.0
