0.0	0.0
0.0	0.0009950248756218905
0.0	0.0029850746268656717
0.0	0.004975124378109453
0.0	0.007960199004975124
0.0	0.009950248756218905
0.0	0.013930348258706468
0.0	0.014925373134328358
0.0	0.01691542288557214
0.0	0.01990049751243781
0.0	0.020895522388059702
0.0	0.022885572139303482
0.0	0.025870646766169153
0.0	0.026865671641791045
0.0	0.030845771144278607
0.0	0.03482587064676617
0.0	0.03781094527363184
0.0	0.041791044776119404
0.0	0.042786069651741296
0.0	0.04477611940298507
0.0	0.045771144278606964
0.0	0.04776119402985075
0.0	0.050746268656716415
0.0	0.056716417910447764
0.00022999080036798528	0.05870646766169154
0.00022999080036798528	0.06467661691542288
0.00022999080036798528	0.06567164179104477
0.00022999080036798528	0.06965174129353234
0.00045998160073597056	0.07164179104477612
0.00045998160073597056	0.0736318407960199
0.00045998160073597056	0.07562189054726368
0.0006899724011039559	0.07661691542288557
0.0006899724011039559	0.07960199004975124
0.0006899724011039559	0.08159203980099503
0.0006899724011039559	0.08258706467661692
0.0006899724011039559	0.08557213930348259
0.0006899724011039559	0.08756218905472637
0.0006899724011039559	0.09054726368159204
0.0006899724011039559	0.0945273631840796
0.0006899724011039559	0.09751243781094528
0.0006899724011039559	0.09850746268656717
0.0006899724011039559	0.10049751243781095
0.0006899724011039559	0.10248756218905472
0.0006899724011039559	0.1044776119402985
0.0006899724011039559	0.1054726368159204
0.0006899724011039559	0.10746268656716418
0.0006899724011039559	0.11144278606965174
0.0006899724011039559	0.11343283582089553
0.0009199632014719411	0.1154228855721393
0.0009199632014719411	0.12039800995024875
0.0009199632014719411	0.12238805970149254
0.0011499540018399263	0.12238805970149254
0.0011499540018399263	0.13034825870646766
0.0013799448022079118	0.13432835820895522
0.0013799448022079118	0.1383084577114428
0.0013799448022079118	0.14129353233830846
0.0013799448022079118	0.14328358208955225
0.0013799448022079118	0.14527363184079603
0.0013799448022079118	0.1482587064676617
0.0013799448022079118	0.15024875621890546
0.0013799448022079118	0.15422885572139303
0.0013799448022079118	0.1572139303482587
0.0013799448022079118	0.15920398009950248
0.0013799448022079118	0.16019900497512438
0.0013799448022079118	0.16417910447761194
0.0013799448022079118	0.16517412935323383
0.0013799448022079118	0.1681592039800995
0.0013799448022079118	0.1701492537313433
0.001609935602575897	0.17114427860696518
0.0018399264029438822	0.17313432835820897
0.0020699172033118675	0.17412935323383086
0.0020699172033118675	0.1771144278606965
0.0020699172033118675	0.1791044776119403
0.0020699172033118675	0.18507462686567164
0.0020699172033118675	0.18606965174129353
0.0022999080036798527	0.18706467661691542
0.0022999080036798527	0.1880597014925373
0.0022999080036798527	0.19203980099502488
0.002529898804047838	0.19402985074626866
0.002529898804047838	0.19502487562189055
0.002529898804047838	0.19701492537313434
0.002529898804047838	0.19800995024875623
0.0027598896044158236	0.19800995024875623
0.0027598896044158236	0.2019900497512438
0.0027598896044158236	0.20298507462686566
0.0027598896044158236	0.20497512437810944
0.002989880404783809	0.20796019900497512
0.002989880404783809	0.2109452736318408
0.00390984360625575	0.2109452736318408
0.0043698252069917206	0.2109452736318408
0.004599816007359705	0.21194029850746268
0.005059797608095676	0.21293532338308457
0.0052897884084636615	0.21492537313432836
0.005519779208831647	0.21492537313432836
0.005519779208831647	0.21890547263681592
0.005519779208831647	0.2208955223880597
0.005749770009199632	0.22388059701492538
0.006439742410303588	0.22587064676616916
0.006669733210671573	0.22686567164179106
0.0068997240110395585	0.22885572139303484
0.0068997240110395585	0.2308457711442786
0.007359705611775529	0.23184079601990049
0.007359705611775529	0.23383084577114427
0.007359705611775529	0.23681592039800994
0.007359705611775529	0.23781094527363184
0.007359705611775529	0.2407960199004975
0.0078196872125115	0.2417910447761194
0.008049678012879485	0.24378109452736318
0.00827966881324747	0.24875621890547264
0.00827966881324747	0.2507462686567164
0.008739650413983441	0.2527363184079602
0.008739650413983441	0.25472636815920396
0.008739650413983441	0.2557213930348259
0.008969641214351426	0.2557213930348259
0.008969641214351426	0.25671641791044775
0.009429622815087397	0.25771144278606967
0.009889604415823367	0.25970149253731345
0.009889604415823367	0.2606965174129353
0.009889604415823367	0.2656716417910448
0.010809567617295308	0.2716417910447761
0.011039558417663294	0.2746268656716418
0.011729530818767249	0.27761194029850744
0.01218951241950322	0.2796019900497512
0.01310947562097516	0.28258706467661693
0.013569457221711132	0.2865671641791045
0.014719411223551058	0.2885572139303483
0.015639374425023	0.29253731343283584
0.01701931922723091	0.29253731343283584
0.01816927322907084	0.2955223880597015
0.018859245630174794	0.29850746268656714
0.018859245630174794	0.3044776119402985
0.019089236430542778	0.3074626865671642
0.02000919963201472	0.309452736318408
0.020699172033118676	0.3124378109452736
0.02207911683532659	0.3174129353233831
0.022999080036798528	0.31840796019900497
0.024149034038638453	0.32039800995024875
0.02483900643974241	0.3243781094527363
0.025758969641214352	0.3253731343283582
0.026448942042318308	0.33034825870646767
0.027368905243790247	0.3353233830845771
0.028978840846366146	0.3373134328358209
0.029438822447102116	0.3402985074626866
0.030818767249310028	0.34626865671641793
0.031278748850046	0.3482587064676617
0.03311867525298988	0.3522388059701492
0.03541858325666973	0.36019900497512436
0.03702851885924563	0.36318407960199006
0.0390984360625575	0.36517412935323385
0.04001839926402944	0.36716417910447763
0.04139834406623735	0.3701492537313433
0.04346826126954922	0.37412935323383084
0.04461821527138914	0.3800995024875622
0.046688132474701015	0.38109452736318405
0.04806807727690893	0.3850746268656716
0.04944802207911683	0.3900497512437811
0.05266789328426863	0.39800995024875624
0.05427782888684453	0.3990049751243781
0.05588776448942042	0.4009950248756219
0.05749770009199632	0.4039800995024876
0.05887764489420423	0.4099502487562189
0.060947562097516096	0.41691542288557215
0.06393744250229991	0.4199004975124378
0.0671573137074517	0.4248756218905473
0.06968721251149954	0.4298507462686567
0.07175712971481141	0.43582089552238806
0.07290708371665133	0.43980099502487563
0.07451701931922723	0.445771144278607
0.07635694572217111	0.44975124378109455
0.07865685372585096	0.4557213930348259
0.08026678932842686	0.4606965174129353
0.08210671573137074	0.4696517412935323
0.0844066237350506	0.4766169154228856
0.08670653173873046	0.48258706467661694
0.08992640294388224	0.490547263681592
0.09153633854645814	0.4955223880597015
0.09406623735050598	0.5044776119402985
0.09613615455381785	0.5084577114427861
0.09774609015639374	0.5144278606965174
0.10165593376264949	0.5213930348258706
0.10579576816927323	0.5243781094527363
0.10901563937442502	0.527363184079602
0.11200551977920883	0.5303482587064676
0.11637534498620056	0.5343283582089552
0.12005519779208831	0.5383084577114428
0.12235510579576817	0.5462686567164179
0.12557497700091996	0.5512437810945273
0.12764489420423183	0.554228855721393
0.13017479300827967	0.5562189054726369
0.1329346826126955	0.5592039800995025
0.1359245630174793	0.56318407960199
0.14098436062557498	0.5691542288557214
0.14443422263109476	0.573134328358209
0.14788408463661454	0.5800995024875621
0.15041398344066237	0.5850746268656717
0.15271389144434222	0.5920398009950248
0.15685372585096596	0.5980099502487563
0.15846366145354185	0.6059701492537314
0.1609935602575897	0.6129353233830845
0.16513339466421342	0.6228855721393035
0.16835326586936522	0.6308457711442786
0.17157313707451702	0.6368159203980099
0.17456301747930084	0.6407960199004975
0.17893284268629256	0.6457711442786069
0.18169273229070837	0.6537313432835821
0.18560257589696413	0.6557213930348259
0.1890524379024839	0.6597014925373135
0.19411223551057957	0.663681592039801
0.19756209751609935	0.6706467661691542
0.2017019319227231	0.6786069651741293
0.20377184912603497	0.6825870646766169
0.20837166513339467	0.6915422885572139
0.21366145354185834	0.6955223880597015
0.21665133394664213	0.7014925373134329
0.21941122355105797	0.7044776119402985
0.22286108555657774	0.7064676616915423
0.22677092916283348	0.7124378109452736
0.2316007359705612	0.7164179104477612
0.23505059797608097	0.7243781094527363
0.23804047838086476	0.7303482587064677
0.2421803127874885	0.7343283582089553
0.2449402023919043	0.7412935323383084
0.25045998160073596	0.746268656716418
0.25413983440662374	0.7502487562189055
0.2573597056117755	0.7542288557213931
0.26310947562097514	0.7601990049751244
0.26885924563017477	0.7651741293532338
0.2755289788408464	0.7721393034825871
0.28058877644894203	0.7791044776119403
0.2858785648574057	0.7840796019900498
0.2902483900643974	0.7940298507462686
0.29645814167433304	0.7990049751243781
0.3015179392824287	0.8099502487562189
0.3061177552897884	0.8159203980099502
0.31278748850046	0.8208955223880597
0.31922723091076355	0.8238805970149253
0.32566697332106714	0.8298507462686567
0.33233670653173875	0.8328358208955224
0.3383164673413063	0.8338308457711443
0.343836246550138	0.83681592039801
0.3493560257589696	0.8388059701492537
0.3574057037718491	0.8427860696517413
0.3647654093836247	0.8497512437810946
0.37373505059797607	0.8537313432835821
0.3822447102115915	0.8557213930348259
0.39029438822447104	0.8587064676616916
0.39903403863845444	0.8616915422885573
0.4047838086476541	0.8656716417910447
0.4137534498620055	0.8666666666666667
0.4204231830726771	0.8676616915422886
0.4291628334866605	0.8716417910447761
0.4356025758969641	0.8746268656716418
0.44595216191352344	0.8756218905472637
0.4549218031278749	0.882587064676617
0.4652713891444342	0.8845771144278607
0.47585096596136156	0.8905472636815921
0.4827506899724011	0.8955223880597015
0.49103035878564855	0.8985074626865671
0.500459981600736	0.900497512437811
0.5103495860165593	0.9034825870646767
0.5193192272309107	0.9064676616915422
0.531048758049678	0.9084577114427861
0.5418583256669733	0.9114427860696518
0.5494480220791168	0.9134328358208955
0.5618675252989881	0.9203980099502488
0.5724471021159153	0.9263681592039801
0.5818767249310027	0.9273631840796019
0.5899264029438822	0.9293532338308458
0.6014259429622815	0.9313432835820895
0.609935602575897	0.9343283582089552
0.6216651333946642	0.9353233830845771
0.6310947562097516	0.9373134328358209
0.6430542778288868	0.9393034825870646
0.6515639374425023	0.9402985074626866
0.6614535418583257	0.9442786069651742
0.671113155473781	0.9472636815920398
0.6810027598896045	0.9472636815920398
0.68721251149954	0.9482587064676616
0.6996320147194113	0.9532338308457712
0.7074517019319227	0.9552238805970149
0.7173413063477461	0.9582089552238806
0.7267709291628335	0.9592039800995025
0.7405703771849126	0.9611940298507463
0.7516099356025759	0.96318407960199
0.7605795768169273	0.9651741293532339
0.7713891444342227	0.9661691542288557
0.7826586936522539	0.9681592039800995
0.7923183072677092	0.9691542288557214
0.8010579576816927	0.9731343283582089
0.8111775528978841	0.9751243781094527
0.8222171113155474	0.9761194029850746
0.8309567617295308	0.9771144278606965
0.8413063477460901	0.9791044776119403
0.8509659613615456	0.9791044776119403
0.8615455381784729	0.982089552238806
0.8709751609935602	0.9830845771144279
0.8824747010119596	0.9860696517412936
0.891674333026679	0.9860696517412936
0.9034038638454461	0.9900497512437811
0.9142134314627415	0.9930348258706467
0.922723091076357	0.9930348258706467
0.9337626494940202	0.9950248756218906
0.9443422263109476	0.9950248756218906
0.952621895124195	0.9970149253731343
0.9701011959521619	0.9990049751243781
0.9781508739650414	0.9990049751243781
0.9910303587856486	0.9990049751243781
0.9949402023919043	1.0
0.9981600735970562	1.0
1.0	1.0
