0.0	0.0
0.00022999080036798528	0.0
0.0013799448022079118	0.0
0.0013799448022079118	0.0009950248756218905
0.001609935602575897	0.0009950248756218905
0.001609935602575897	0.001990049751243781
0.0018399264029438822	0.001990049751243781
0.0018399264029438822	0.0029850746268656717
0.0020699172033118675	0.0029850746268656717
0.0020699172033118675	0.003980099502487562
0.002989880404783809	0.003980099502487562
0.002989880404783809	0.006965174129353234
0.0034498620055197792	0.006965174129353234
0.0034498620055197792	0.007960199004975124
0.0036798528058877645	0.007960199004975124
0.0036798528058877645	0.008955223880597015
0.00390984360625575	0.008955223880597015
0.0043698252069917206	0.008955223880597015
0.004599816007359705	0.008955223880597015
0.004599816007359705	0.010945273631840797
0.0052897884084636615	0.010945273631840797
0.005749770009199632	0.010945273631840797
0.005749770009199632	0.012935323383084577
0.006439742410303588	0.012935323383084577
0.006439742410303588	0.014925373134328358
0.006439742410303588	0.01691542288557214
0.006669733210671573	0.01691542288557214
0.006669733210671573	0.01890547263681592
0.0068997240110395585	0.01890547263681592
0.007359705611775529	0.01990049751243781
0.007589696412143515	0.01990049751243781
0.007589696412143515	0.022885572139303482
0.008049678012879485	0.022885572139303482
0.008509659613615455	0.022885572139303482
0.008739650413983441	0.022885572139303482
0.008739650413983441	0.025870646766169153
0.009429622815087397	0.025870646766169153
0.009429622815087397	0.026865671641791045
0.009659613615455382	0.026865671641791045
0.009659613615455382	0.027860696517412936
0.009889604415823367	0.027860696517412936
0.009889604415823367	0.028855721393034824
0.010119595216191352	0.030845771144278607
0.010579576816927323	0.030845771144278607
0.010809567617295308	0.031840796019900496
0.011039558417663294	0.031840796019900496
0.011039558417663294	0.03283582089552239
0.011499540018399264	0.03283582089552239
0.011499540018399264	0.03482587064676617
0.011729530818767249	0.03482587064676617
0.011729530818767249	0.03681592039800995
0.011959521619135235	0.03681592039800995
0.012649494020239191	0.03781094527363184
0.012879484820607176	0.03781094527363184
0.012879484820607176	0.042786069651741296
0.012879484820607176	0.04477611940298507
0.013339466421343146	0.04477611940298507
0.013339466421343146	0.046766169154228855
0.013569457221711132	0.046766169154228855
0.013569457221711132	0.04776119402985075
0.014029438822447102	0.04776119402985075
0.014029438822447102	0.04975124378109453
0.014949402023919043	0.04975124378109453
0.015409383624655014	0.04975124378109453
0.015409383624655014	0.050746268656716415
0.015639374425023	0.050746268656716415
0.015639374425023	0.0527363184079602
0.01609935602575897	0.0527363184079602
0.01609935602575897	0.05373134328358209
0.016329346826126957	0.05472636815920398
0.01655933762649494	0.05472636815920398
0.01655933762649494	0.056716417910447764
0.016789328426862926	0.056716417910447764
0.016789328426862926	0.05771144278606965
0.017249310027598896	0.05870646766169154
0.017479300827966882	0.05870646766169154
0.017479300827966882	0.05970149253731343
0.017939282428702852	0.05970149253731343
0.01839926402943882	0.061691542288557215
0.018629254829806808	0.061691542288557215
0.018629254829806808	0.0626865671641791
0.018859245630174794	0.06666666666666667
0.019779208831646734	0.06766169154228856
0.019779208831646734	0.06865671641791045
0.020239190432382703	0.07064676616915423
0.020239190432382703	0.07263681592039802
0.020239190432382703	0.07462686567164178
0.020699172033118676	0.07462686567164178
0.02092916283348666	0.07761194029850746
0.02092916283348666	0.07960199004975124
0.021159153633854646	0.07960199004975124
0.021389144434222632	0.08258706467661692
0.021389144434222632	0.0845771144278607
0.021619135234590615	0.08855721393034825
0.02230910763569457	0.08855721393034825
0.02230910763569457	0.08955223880597014
0.02276908923643054	0.09154228855721393
0.02276908923643054	0.09353233830845771
0.022999080036798528	0.09353233830845771
0.022999080036798528	0.0945273631840796
0.022999080036798528	0.09651741293532339
0.023459061637534497	0.09850746268656717
0.023459061637534497	0.10049751243781095
0.02437902483900644	0.10049751243781095
0.02437902483900644	0.10149253731343283
0.024609015639374426	0.10149253731343283
0.025068997240110396	0.10348258706467661
0.025068997240110396	0.1044776119402985
0.025528978840846366	0.1044776119402985
0.025758969641214352	0.1054726368159204
0.025758969641214352	0.10746268656716418
0.025988960441582335	0.10746268656716418
0.025988960441582335	0.10845771144278607
0.02621895124195032	0.10945273631840796
0.02667893284268629	0.11144278606965174
0.027368905243790247	0.11144278606965174
0.027368905243790247	0.11343283582089553
0.02828886844526219	0.11343283582089553
0.029438822447102116	0.11641791044776119
0.029898804047838085	0.11641791044776119
0.029898804047838085	0.11840796019900497
0.029898804047838085	0.12139303482587065
0.030128794848206072	0.12139303482587065
0.030128794848206072	0.12238805970149254
0.030818767249310028	0.12238805970149254
0.031048758049678014	0.12437810945273632
0.031048758049678014	0.1253731343283582
0.03150873965041398	0.1253731343283582
0.03173873045078197	0.1263681592039801
0.03173873045078197	0.12736318407960198
0.031968721251149954	0.12736318407960198
0.031968721251149954	0.13034825870646766
0.031968721251149954	0.13233830845771144
0.03242870285188593	0.13233830845771144
0.03242870285188593	0.13333333333333333
0.03265869365225391	0.13333333333333333
0.03311867525298988	0.13532338308457711
0.03357865685372585	0.136318407960199
0.03357865685372585	0.1383084577114428
0.03380864765409384	0.1383084577114428
0.03380864765409384	0.13930348258706468
0.034268629254829805	0.14427860696517414
0.03449862005519779	0.14427860696517414
0.03449862005519779	0.14626865671641792
0.03541858325666973	0.1472636815920398
0.03564857405703772	0.1472636815920398
0.03633854645814168	0.15024875621890546
0.036568537258509656	0.15024875621890546
0.036568537258509656	0.15124378109452735
0.03679852805887764	0.15124378109452735
0.03702851885924563	0.15323383084577114
0.037258509659613616	0.15323383084577114
0.037258509659613616	0.15422885572139303
0.0374885004599816	0.15422885572139303
0.0374885004599816	0.15522388059701492
0.038178472861085555	0.1572139303482587
0.038868445262189515	0.1572139303482587
0.03955841766329347	0.1572139303482587
0.04093836246550138	0.1572139303482587
0.04093836246550138	0.16019900497512438
0.04162833486660534	0.16318407960199005
0.04162833486660534	0.16417910447761194
0.04185832566697332	0.16417910447761194
0.04185832566697332	0.16517412935323383
0.042088316467341305	0.16517412935323383
0.042088316467341305	0.1691542288557214
0.043008279668813244	0.17114427860696518
0.04461821527138914	0.17512437810945275
0.045078196872125116	0.17512437810945275
0.04553817847286108	0.1791044776119403
0.04576816927322907	0.1791044776119403
0.04576816927322907	0.18009950248756218
0.04645814167433303	0.18009950248756218
0.04645814167433303	0.18109452736318407
0.04714811407543698	0.18208955223880596
0.04783808647654094	0.18208955223880596
0.04806807727690893	0.18308457711442785
0.04829806807727691	0.18308457711442785
0.04944802207911683	0.18507462686567164
0.04944802207911683	0.18706467661691542
0.04944802207911683	0.1880597014925373
0.04967801287948482	0.1880597014925373
0.05036798528058878	0.19203980099502488
0.05036798528058878	0.19303482587064677
0.050597976080956765	0.19303482587064677
0.050597976080956765	0.19402985074626866
0.05105795768169273	0.19402985074626866
0.05105795768169273	0.19601990049751244
0.05128794848206072	0.19601990049751244
0.05266789328426863	0.2
0.05358785648574057	0.2
0.05496780128794848	0.2019900497512438
0.05519779208831647	0.2019900497512438
0.05519779208831647	0.20298507462686566
0.05588776448942042	0.20298507462686566
0.05588776448942042	0.20398009950248755
0.05749770009199632	0.2099502487562189
0.05749770009199632	0.2109452736318408
0.057727690892364306	0.2109452736318408
0.057727690892364306	0.21194029850746268
0.05818767249310028	0.21194029850746268
0.05887764489420423	0.21592039800995025
0.059337626494940204	0.21990049751243781
0.059337626494940204	0.2208955223880597
0.05979760809567617	0.2208955223880597
0.05979760809567617	0.2218905472636816
0.06117755289788408	0.22487562189054727
0.06117755289788408	0.22587064676616916
0.06140754369825207	0.22587064676616916
0.06140754369825207	0.22686567164179106
0.061637534498620056	0.22686567164179106
0.062557497700092	0.23283582089552238
0.06301747930082796	0.23283582089552238
0.06301747930082796	0.23383084577114427
0.06393744250229991	0.2407960199004975
0.06439742410303588	0.2407960199004975
0.06439742410303588	0.2417910447761194
0.06485740570377185	0.2417910447761194
0.06508739650413983	0.2417910447761194
0.06508739650413983	0.2427860696517413
0.0655473781048758	0.24577114427860697
0.0671573137074517	0.24577114427860697
0.0671573137074517	0.24676616915422886
0.06738730450781968	0.24676616915422886
0.06738730450781968	0.24776119402985075
0.06761729530818768	0.24776119402985075
0.0687672493100276	0.24975124378109453
0.06922723091076358	0.24975124378109453
0.06922723091076358	0.2517412935323383
0.06968721251149954	0.2517412935323383
0.07129714811407543	0.2557213930348259
0.07152713891444343	0.2557213930348259
0.07152713891444343	0.25671641791044775
0.07198712051517939	0.25671641791044775
0.07198712051517939	0.25771144278606967
0.07221711131554738	0.25771144278606967
0.0733670653173873	0.2606965174129353
0.07405703771849126	0.2606965174129353
0.07405703771849126	0.26169154228855723
0.07428702851885925	0.26169154228855723
0.07428702851885925	0.2626865671641791
0.07451701931922723	0.2626865671641791
0.0749770009199632	0.2656716417910448
0.07543698252069918	0.2656716417910448
0.07543698252069918	0.26666666666666666
0.07589696412143514	0.26666666666666666
0.07589696412143514	0.2676616915422886
0.07612695492180313	0.2676616915422886
0.07612695492180313	0.26865671641791045
0.07796688132474701	0.2736318407960199
0.07796688132474701	0.27761194029850744
0.07842686292548298	0.27761194029850744
0.07888684452621895	0.2835820895522388
0.07888684452621895	0.2845771144278607
0.08003679852805888	0.2845771144278607
0.08003679852805888	0.2865671641791045
0.08187672493100276	0.28955223880597014
0.08210671573137074	0.28955223880597014
0.08210671573137074	0.29054726368159206
0.08302667893284268	0.2965174129353234
0.08302667893284268	0.2975124378109453
0.08325666973321068	0.2975124378109453
0.08417663293468261	0.3054726368159204
0.0844066237350506	0.3054726368159204
0.0844066237350506	0.30646766169154227
0.08463661453541858	0.30646766169154227
0.08463661453541858	0.3074626865671642
0.08486660533578656	0.3074626865671642
0.08601655933762649	0.3144278606965174
0.08624655013799448	0.3144278606965174
0.08624655013799448	0.3154228855721393
0.08670653173873046	0.3154228855721393
0.08670653173873046	0.31840796019900497
0.08808647654093836	0.3243781094527363
0.08808647654093836	0.3253731343283582
0.0890064397424103	0.3253731343283582
0.0890064397424103	0.3263681592039801
0.08923643054277829	0.3263681592039801
0.08923643054277829	0.32935323383084575
0.08992640294388224	0.33432835820895523
0.09084636614535418	0.33432835820895523
0.09084636614535418	0.3353233830845771
0.09291628334866606	0.3402985074626866
0.09337626494940203	0.3402985074626866
0.09337626494940203	0.34129353233830845
0.09383624655013799	0.34129353233830845
0.09383624655013799	0.34328358208955223
0.09406623735050598	0.34328358208955223
0.09567617295308188	0.35124378109452736
0.0968261269549218	0.35124378109452736
0.09889604415823366	0.354228855721393
0.09912603495860166	0.354228855721393
0.09912603495860166	0.35522388059701493
0.09935602575896964	0.35522388059701493
0.09935602575896964	0.3562189054726368
0.09958601655933763	0.3562189054726368
0.09958601655933763	0.3572139303482587
0.09981600735970561	0.3572139303482587
0.09981600735970561	0.3582089552238806
0.10188592456301748	0.36318407960199006
0.10211591536338546	0.36318407960199006
0.10211591536338546	0.3641791044776119
0.10280588776448941	0.3641791044776119
0.10280588776448941	0.36517412935323385
0.10303587856485741	0.3661691542288557
0.10326586936522539	0.3661691542288557
0.10326586936522539	0.3681592039800995
0.10326586936522539	0.3691542288557214
0.10349586016559338	0.3691542288557214
0.10533578656853726	0.37213930348258706
0.10602575896964121	0.37213930348258706
0.10602575896964121	0.373134328358209
0.10717571297148114	0.373134328358209
0.10717571297148114	0.37412935323383084
0.10763569457221711	0.37412935323383084
0.10901563937442502	0.37910447761194027
0.10970561177552898	0.37910447761194027
0.10970561177552898	0.3800995024875622
0.11016559337626496	0.382089552238806
0.11108555657773689	0.382089552238806
0.11246550137994481	0.3900497512437811
0.11246550137994481	0.39104477611940297
0.11269549218031279	0.39104477611940297
0.11269549218031279	0.3920398009950249
0.11315547378104876	0.3920398009950249
0.11315547378104876	0.39303482587064675
0.11384544618215271	0.39303482587064675
0.11591536338546458	0.39601990049751246
0.11591536338546458	0.39800995024875624
0.11614535418583256	0.39800995024875624
0.11614535418583256	0.3990049751243781
0.11637534498620056	0.3990049751243781
0.11637534498620056	0.4009950248756219
0.11706531738730451	0.40497512437810945
0.11706531738730451	0.4059701492537313
0.11729530818767249	0.4059701492537313
0.11821527138914444	0.41194029850746267
0.11844526218951242	0.41194029850746267
0.11844526218951242	0.4129353233830846
0.11867525298988041	0.4129353233830846
0.11890524379024839	0.41393034825870645
0.11890524379024839	0.41492537313432837
0.11959521619135234	0.41492537313432837
0.12074517019319227	0.4199004975124378
0.12074517019319227	0.4228855721393035
0.12097516099356026	0.4228855721393035
0.12097516099356026	0.42388059701492536
0.12120515179392824	0.42388059701492536
0.12212511499540019	0.4248756218905473
0.12258509659613616	0.4248756218905473
0.12281508739650414	0.4248756218905473
0.12281508739650414	0.42686567164179107
0.12373505059797608	0.42686567164179107
0.12465501379944802	0.43781094527363185
0.12488500459981601	0.43781094527363185
0.12488500459981601	0.4388059701492537
0.12580496780128794	0.4388059701492537
0.12580496780128794	0.43980099502487563
0.1264949402023919	0.44477611940298506
0.12718491260349585	0.44477611940298506
0.12718491260349585	0.44676616915422884
0.12764489420423183	0.44676616915422884
0.1297148114075437	0.4507462686567164
0.12994480220791169	0.4507462686567164
0.12994480220791169	0.4527363184079602
0.13040478380864765	0.4527363184079602
0.13155473781048757	0.45870646766169154
0.13362465501379944	0.45870646766169154
0.13362465501379944	0.4597014925373134
0.13385464581416742	0.4597014925373134
0.1343146274149034	0.46567164179104475
0.1343146274149034	0.46865671641791046
0.1345446182152714	0.46865671641791046
0.1345446182152714	0.4696517412935323
0.13500459981600735	0.4696517412935323
0.13684452621895124	0.472636815920398
0.1373045078196872	0.472636815920398
0.1377644894204232	0.472636815920398
0.13799448022079117	0.472636815920398
0.13799448022079117	0.4736318407960199
0.13868445262189513	0.4736318407960199
0.13868445262189513	0.4746268656716418
0.13960441582336708	0.4746268656716418
0.140754369825207	0.47761194029850745
0.14121435142594296	0.47761194029850745
0.14121435142594296	0.47960199004975124
0.14190432382704693	0.47960199004975124
0.14305427782888686	0.47960199004975124
0.1437442502299908	0.481592039800995
0.1437442502299908	0.4855721393034826
0.14581416743330267	0.4855721393034826
0.14581416743330267	0.48756218905472637
0.14604415823367065	0.48756218905472637
0.14604415823367065	0.48855721393034823
0.1467341306347746	0.49154228855721394
0.1469641214351426	0.49154228855721394
0.14742410303587858	0.49154228855721394
0.14788408463661454	0.49154228855721394
0.14788408463661454	0.4925373134328358
0.14880404783808648	0.4925373134328358
0.14880404783808648	0.4935323383084577
0.14903403863845446	0.4935323383084577
0.1501839926402944	0.4945273631840796
0.15179392824287027	0.4945273631840796
0.15248390064397424	0.49651741293532337
0.1531738730450782	0.49651741293532337
0.1531738730450782	0.49950248756218907
0.15409383624655013	0.49950248756218907
0.15662373505059798	0.5014925373134328
0.15685372585096596	0.5014925373134328
0.15685372585096596	0.5024875621890548
0.15846366145354185	0.5024875621890548
0.1609935602575897	0.5044776119402985
0.16329346826126956	0.5044776119402985
0.16444342226310948	0.5054726368159204
0.16513339466421342	0.5054726368159204
0.1658233670653174	0.5074626865671642
0.16628334866605335	0.5074626865671642
0.16628334866605335	0.5104477611940299
0.16950321987120515	0.5134328358208955
0.16973321067157313	0.5134328358208955
0.16973321067157313	0.5144278606965174
0.1701931922723091	0.5144278606965174
0.17065317387304507	0.5144278606965174
0.17065317387304507	0.5154228855721393
0.17111315547378106	0.5154228855721393
0.17134314627414904	0.5154228855721393
0.17134314627414904	0.5164179104477612
0.17203311867525298	0.5184079601990049
0.1731830726770929	0.5184079601990049
0.1731830726770929	0.5194029850746269
0.1736430542778289	0.5194029850746269
0.1750229990800368	0.5194029850746269
0.17571297148114076	0.5243781094527363
0.1764029438822447	0.5243781094527363
0.1764029438822447	0.5263681592039801
0.17709291628334867	0.5263681592039801
0.17709291628334867	0.527363184079602
0.17755289788408463	0.527363184079602
0.17893284268629256	0.5283582089552239
0.17916283348666054	0.5283582089552239
0.17916283348666054	0.5293532338308458
0.17939282428702852	0.5293532338308458
0.17939282428702852	0.5303482587064676
0.17985280588776448	0.5303482587064676
0.17985280588776448	0.5313432835820896
0.18031278748850046	0.5313432835820896
0.1812327506899724	0.5333333333333333
0.1814627414903404	0.5333333333333333
0.1814627414903404	0.5343283582089552
0.18169273229070837	0.5343283582089552
0.18169273229070837	0.5373134328358209
0.18192272309107635	0.5373134328358209
0.18192272309107635	0.5383084577114428
0.18238270469181234	0.5383084577114428
0.18238270469181234	0.5393034825870647
0.1828426862925483	0.5393034825870647
0.18376264949402024	0.5432835820895522
0.18376264949402024	0.5442786069651742
0.1842226310947562	0.5442786069651742
0.1844526218951242	0.5462686567164179
0.18491260349586017	0.5482587064676617
0.18652253909843605	0.5482587064676617
0.18698252069917204	0.5482587064676617
0.187442502299908	0.5482587064676617
0.18951241950321987	0.5492537313432836
0.18974241030358785	0.5492537313432836
0.18974241030358785	0.5502487562189055
0.19020239190432384	0.5502487562189055
0.19020239190432384	0.5512437810945273
0.19043238270469182	0.5512437810945273
0.19089236430542778	0.5522388059701493
0.19135234590616376	0.5522388059701493
0.19135234590616376	0.5532338308457712
0.19158233670653174	0.5532338308457712
0.19273229070837167	0.5572139303482587
0.19503219871205152	0.5572139303482587
0.1952621895124195	0.5582089552238806
0.19549218031278748	0.5582089552238806
0.19549218031278748	0.5592039800995025
0.1968721251149954	0.5592039800995025
0.1968721251149954	0.5601990049751244
0.1971021159153634	0.5601990049751244
0.1971021159153634	0.5621890547263682
0.19779208831646733	0.5621890547263682
0.19963201471941122	0.564179104477612
0.20055197792088317	0.564179104477612
0.20055197792088317	0.5661691542288557
0.2014719411223551	0.5661691542288557
0.20262189512419504	0.5671641791044776
0.20285188592456302	0.5671641791044776
0.20285188592456302	0.5681592039800994
0.20285188592456302	0.5701492537313433
0.20331186752529898	0.5701492537313433
0.20331186752529898	0.572139303482587
0.20354185832566699	0.572139303482587
0.2049218031278749	0.5751243781094527
0.20515179392824287	0.5751243781094527
0.20515179392824287	0.5761194029850746
0.20538178472861085	0.5761194029850746
0.20538178472861085	0.5771144278606966
0.20676172953081876	0.5771144278606966
0.20791168353265868	0.5771144278606966
0.20998160073597055	0.5771144278606966
0.20998160073597055	0.5781094527363184
0.21159153633854647	0.5781094527363184
0.21159153633854647	0.5791044776119403
0.2122815087396504	0.5791044776119403
0.2122815087396504	0.5810945273631841
0.21343146274149033	0.5810945273631841
0.21458141674333026	0.5810945273631841
0.21458141674333026	0.5830845771144278
0.21527138914443422	0.5830845771144278
0.2159613615455382	0.5830845771144278
0.21711131554737811	0.5830845771144278
0.21711131554737811	0.5840796019900497
0.21757129714811407	0.5850746268656717
0.21780128794848205	0.5850746268656717
0.21780128794848205	0.5860696517412936
0.21918123275068999	0.5860696517412936
0.21918123275068999	0.5880597014925373
0.21941122355105797	0.5880597014925373
0.21941122355105797	0.5890547263681593
0.2201011959521619	0.591044776119403
0.22102115915363385	0.591044776119403
0.22102115915363385	0.5920398009950248
0.22148114075436984	0.5920398009950248
0.22148114075436984	0.5940298507462687
0.22286108555657774	0.5940298507462687
0.22355105795768168	0.5950248756218905
0.2237810487580497	0.5950248756218905
0.2237810487580497	0.5970149253731343
0.22447102115915363	0.5970149253731343
0.22447102115915363	0.5990049751243781
0.22447102115915363	0.6
0.22493100275988961	0.6
0.22539098436062557	0.6009950248756218
0.2265409383624655	0.6009950248756218
0.2265409383624655	0.6039800995024875
0.2279208831646734	0.6039800995024875
0.2283808647654094	0.6039800995024875
0.22907083716651333	0.6039800995024875
0.22907083716651333	0.6059701492537314
0.22953081876724932	0.6059701492537314
0.22953081876724932	0.6069651741293532
0.2297608095676173	0.6069651741293532
0.2297608095676173	0.6079601990049751
0.23206071757129715	0.6079601990049751
0.23206071757129715	0.608955223880597
0.23229070837166513	0.608955223880597
0.23229070837166513	0.609950248756219
0.2325206991720331	0.609950248756219
0.2329806807727691	0.609950248756219
0.23321067157313707	0.6109452736318408
0.23321067157313707	0.6129353233830845
0.23367065317387303	0.6129353233830845
0.23551057957681693	0.6129353233830845
0.2357405703771849	0.6129353233830845
0.2357405703771849	0.6149253731343284
0.23666053357865685	0.6149253731343284
0.23735050597976082	0.6149253731343284
0.23850045998160074	0.6149253731343284
0.23850045998160074	0.6159203980099502
0.23873045078196872	0.6159203980099502
0.23919043238270468	0.6159203980099502
0.2394204231830727	0.6159203980099502
0.2394204231830727	0.6169154228855721
0.2394204231830727	0.618905472636816
0.2394204231830727	0.6199004975124378
0.2408003679852806	0.6228855721393035
0.2435602575896964	0.6228855721393035
0.2435602575896964	0.6248756218905472
0.24425022999080037	0.6248756218905472
0.24448022079116835	0.6248756218905472
0.24448022079116835	0.6258706467661691
0.2454001839926403	0.6258706467661691
0.2454001839926403	0.6268656716417911
0.24563017479300828	0.6268656716417911
0.24563017479300828	0.6288557213930348
0.24586016559337626	0.6288557213930348
0.24586016559337626	0.6298507462686567
0.24609015639374426	0.6298507462686567
0.2467801287948482	0.6298507462686567
0.2467801287948482	0.6308457711442786
0.24701011959521618	0.6308457711442786
0.24701011959521618	0.6318407960199005
0.24747010119595217	0.6318407960199005
0.2481600735970561	0.6318407960199005
0.24931002759889603	0.6318407960199005
0.250229990800368	0.6318407960199005
0.25068997240110397	0.6318407960199005
0.2516099356025759	0.6318407960199005
0.2516099356025759	0.6328358208955224
0.2518399264029439	0.6328358208955224
0.2518399264029439	0.6338308457711442
0.2518399264029439	0.6358208955223881
0.2534498620055198	0.6358208955223881
0.2536798528058878	0.6358208955223881
0.2543698252069917	0.6368159203980099
0.2545998160073597	0.6368159203980099
0.2545998160073597	0.6388059701492538
0.25528978840846367	0.6388059701492538
0.25528978840846367	0.6407960199004975
0.2562097516099356	0.6407960199004975
0.2562097516099356	0.6417910447761194
0.25666973321067155	0.6417910447761194
0.2575896964121435	0.6427860696517413
0.2575896964121435	0.6437810945273632
0.2580496780128795	0.6437810945273632
0.2580496780128795	0.6447761194029851
0.2594296228150874	0.6447761194029851
0.25988960441582337	0.6457711442786069
0.2610395584176633	0.6457711442786069
0.2610395584176633	0.6467661691542289
0.2619595216191352	0.6467661691542289
0.2619595216191352	0.6477611940298508
0.26241950321987123	0.6477611940298508
0.26241950321987123	0.6487562189054726
0.26310947562097514	0.6487562189054726
0.26356945722171116	0.6497512437810945
0.2640294388224471	0.6497512437810945
0.26425942962281507	0.6497512437810945
0.2647194112235511	0.6497512437810945
0.26793928242870285	0.6497512437810945
0.26793928242870285	0.6507462686567164
0.26816927322907086	0.6507462686567164
0.26816927322907086	0.6517412935323383
0.2686292548298068	0.6527363184079602
0.2686292548298068	0.6547263681592039
0.2711591536338546	0.6547263681592039
0.27161913523459064	0.6547263681592039
0.27230910763569455	0.6547263681592039
0.27230910763569455	0.6557213930348259
0.27253909843606255	0.6557213930348259
0.27253909843606255	0.6616915422885572
0.27529898804047837	0.6616915422885572
0.2755289788408464	0.663681592039801
0.2757589696412143	0.663681592039801
0.2757589696412143	0.6646766169154229
0.2764489420423183	0.6646766169154229
0.2769089236430543	0.6646766169154229
0.27713891444342226	0.6646766169154229
0.2775988960441582	0.6646766169154229
0.27805887764489423	0.6646766169154229
0.2785188592456302	0.6646766169154229
0.28058877644894203	0.6646766169154229
0.281508739650414	0.6646766169154229
0.2821987120515179	0.6646766169154229
0.2828886844526219	0.6646766169154229
0.28380864765409386	0.6656716417910448
0.28449862005519777	0.6656716417910448
0.2849586016559338	0.6656716417910448
0.28541858325666974	0.6656716417910448
0.28633854645814166	0.6656716417910448
0.2874885004599816	0.6656716417910448
0.2874885004599816	0.6666666666666666
0.28840846366145356	0.6666666666666666
0.2888684452621895	0.6666666666666666
0.2890984360625575	0.6666666666666666
0.2890984360625575	0.6676616915422886
0.2893284268629255	0.6676616915422886
0.28978840846366144	0.6676616915422886
0.29001839926402945	0.6676616915422886
0.29001839926402945	0.6686567164179105
0.2904783808647654	0.6686567164179105
0.29185832566697334	0.6686567164179105
0.29254829806807725	0.6686567164179105
0.29254829806807725	0.6696517412935323
0.2934682612695492	0.6696517412935323
0.29438822447102114	0.6696517412935323
0.29484820607175716	0.6696517412935323
0.29484820607175716	0.6706467661691542
0.2950781968721251	0.6706467661691542
0.2950781968721251	0.6716417910447762
0.2953081876724931	0.6716417910447762
0.2957681692732291	0.672636815920398
0.29645814167433304	0.672636815920398
0.29645814167433304	0.6736318407960199
0.296688132474701	0.6736318407960199
0.296688132474701	0.6756218905472637
0.296918123275069	0.6756218905472637
0.296918123275069	0.6766169154228856
0.29737810487580496	0.6766169154228856
0.29760809567617297	0.6766169154228856
0.2978380864765409	0.6776119402985075
0.2978380864765409	0.6786069651741293
0.2985280588776449	0.6786069651741293
0.2985280588776449	0.681592039800995
0.2996780128794848	0.681592039800995
0.30013799448022077	0.681592039800995
0.30013799448022077	0.6825870646766169
0.3005979760809568	0.6825870646766169
0.30105795768169274	0.6825870646766169
0.3024379024839006	0.6825870646766169
0.3033578656853726	0.6835820895522388
0.3033578656853726	0.6845771144278607
0.3042778288868445	0.6845771144278607
0.3047378104875805	0.6845771144278607
0.3051977920883165	0.6845771144278607
0.3051977920883165	0.6855721393034826
0.3058877644894204	0.6855721393034826
0.3058877644894204	0.6865671641791045
0.3061177552897884	0.6865671641791045
0.3061177552897884	0.6875621890547263
0.3063477460901564	0.6875621890547263
0.3063477460901564	0.6885572139303483
0.3077276908923643	0.6885572139303483
0.3077276908923643	0.6895522388059702
0.30818767249310025	0.6895522388059702
0.3088776448942042	0.6915422885572139
0.31002759889604414	0.6915422885572139
0.31002759889604414	0.6925373134328359
0.3109475620975161	0.6925373134328359
0.3109475620975161	0.6935323383084577
0.31209751609935604	0.6935323383084577
0.31278748850046	0.6945273631840796
0.3137074517019319	0.6945273631840796
0.3137074517019319	0.6955223880597015
0.31485740570377185	0.6955223880597015
0.31485740570377185	0.6965174129353234
0.31508739650413986	0.6965174129353234
0.31577736890524377	0.6965174129353234
0.31646734130634774	0.6965174129353234
0.31646734130634774	0.699502487562189
0.3169273229070837	0.699502487562189
0.3169273229070837	0.7014925373134329
0.31830726770929163	0.7014925373134329
0.31830726770929163	0.7024875621890547
0.3187672493100276	0.7024875621890547
0.31968721251149956	0.7024875621890547
0.31968721251149956	0.7044776119402985
0.3199172033118675	0.7044776119402985
0.3208371665133395	0.7044776119402985
0.32129714811407545	0.7044776119402985
0.32129714811407545	0.7054726368159204
0.3215271389144434	0.7054726368159204
0.3226770929162833	0.7054726368159204
0.32290708371665133	0.7054726368159204
0.3233670653173873	0.7054726368159204
0.32382704691812325	0.7074626865671642
0.32382704691812325	0.708457711442786
0.32428702851885927	0.708457711442786
0.32428702851885927	0.709452736318408
0.3245170193192272	0.709452736318408
0.3245170193192272	0.7104477611940299
0.3254369825206992	0.7104477611940299
0.32589696412143515	0.7104477611940299
0.3263569457221711	0.7104477611940299
0.3263569457221711	0.7114427860696517
0.3265869365225391	0.7114427860696517
0.3265869365225391	0.7124378109452736
0.32681692732290707	0.7124378109452736
0.327966881324747	0.7144278606965174
0.328196872125115	0.7154228855721393
0.32842686292548295	0.7174129353233831
0.32888684452621897	0.7174129353233831
0.32934682612695493	0.7174129353233831
0.32934682612695493	0.718407960199005
0.3298068077276909	0.7194029850746269
0.33049678012879485	0.7194029850746269
0.33049678012879485	0.7203980099502487
0.3311867525298988	0.7203980099502487
0.33141674333026677	0.7213930348258707
0.3316467341306348	0.7213930348258707
0.3316467341306348	0.7233830845771144
0.3318767249310028	0.7233830845771144
0.33233670653173875	0.7233830845771144
0.33233670653173875	0.7243781094527363
0.33325666973321066	0.7243781094527363
0.33325666973321066	0.7253731343283583
0.33394664213431463	0.7253731343283583
0.33394664213431463	0.7263681592039801
0.3355565777368905	0.7263681592039801
0.3355565777368905	0.727363184079602
0.3360165593376265	0.727363184079602
0.3364765409383625	0.727363184079602
0.3364765409383625	0.7283582089552239
0.3373965041398344	0.7283582089552239
0.3380864765409384	0.7283582089552239
0.33854645814167433	0.7283582089552239
0.33992640294388227	0.7283582089552239
0.3410763569457222	0.7283582089552239
0.3410763569457222	0.7293532338308458
0.34153633854645815	0.7293532338308458
0.3417663293468261	0.7293532338308458
0.3422263109475621	0.7293532338308458
0.34245630174793007	0.7293532338308458
0.34314627414903404	0.7293532338308458
0.34452621895124197	0.7293532338308458
0.34452621895124197	0.7313432835820896
0.3456761729530819	0.7313432835820896
0.3456761729530819	0.7323383084577114
0.34590616375344985	0.7323383084577114
0.34590616375344985	0.7333333333333333
0.3465961361545538	0.7333333333333333
0.3468261269549218	0.7353233830845771
0.3472861085556578	0.7353233830845771
0.3472861085556578	0.736318407960199
0.34751609935602573	0.736318407960199
0.34797608095676175	0.7373134328358208
0.34797608095676175	0.7393034825870647
0.34889604415823366	0.7393034825870647
0.3493560257589696	0.7393034825870647
0.34958601655933763	0.7393034825870647
0.35073597056117756	0.7412935323383084
0.3514259429622815	0.7412935323383084
0.35349586016559337	0.7432835820895523
0.35441582336706534	0.7432835820895523
0.3548758049678013	0.7432835820895523
0.3548758049678013	0.7442786069651741
0.35510579576816925	0.7442786069651741
0.35556577736890527	0.746268656716418
0.3560257589696412	0.746268656716418
0.3560257589696412	0.7472636815920398
0.3564857405703772	0.7472636815920398
0.3574057037718491	0.7472636815920398
0.35901563937442504	0.7472636815920398
0.35993560257589696	0.7472636815920398
0.3610855565777369	0.7472636815920398
0.36154553817847285	0.7482587064676617
0.36154553817847285	0.7492537313432835
0.3622355105795768	0.7492537313432835
0.3624655013799448	0.7492537313432835
0.3629254829806808	0.7492537313432835
0.3640754369825207	0.7492537313432835
0.3640754369825207	0.7502487562189055
0.36453541858325667	0.7512437810945274
0.3654553817847286	0.7512437810945274
0.3654553817847286	0.7522388059701492
0.3659153633854646	0.7522388059701492
0.3659153633854646	0.7532338308457711
0.36637534498620056	0.7532338308457711
0.36637534498620056	0.7542288557213931
0.3672953081876725	0.7542288557213931
0.3684452621895124	0.7542288557213931
0.3684452621895124	0.755223880597015
0.3686752529898804	0.755223880597015
0.37005519779208834	0.755223880597015
0.37005519779208834	0.7562189054726368
0.37120515179392827	0.7562189054726368
0.3716651333946642	0.7572139303482587
0.3721251149954002	0.7572139303482587
0.3721251149954002	0.7582089552238805
0.3723551057957682	0.7582089552238805
0.3723551057957682	0.7592039800995025
0.3732750689972401	0.7592039800995025
0.37419503219871203	0.7592039800995025
0.37442502299908004	0.7592039800995025
0.3760349586016559	0.7601990049751244
0.3783348666053358	0.7601990049751244
0.3783348666053358	0.7611940298507462
0.3785648574057038	0.7611940298507462
0.37902483900643974	0.7611940298507462
0.3797148114075437	0.7611940298507462
0.3797148114075437	0.7621890547263681
0.3810947562097516	0.7621890547263681
0.3815547378104876	0.7621890547263681
0.3815547378104876	0.7631840796019901
0.3831646734130635	0.7631840796019901
0.38362465501379944	0.7631840796019901
0.38385464581416745	0.7631840796019901
0.3843146274149034	0.7631840796019901
0.3850045998160074	0.7631840796019901
0.38546458141674333	0.7631840796019901
0.3877644894204232	0.7631840796019901
0.3877644894204232	0.7651741293532338
0.3879944802207912	0.7651741293532338
0.3896044158233671	0.7671641791044777
0.38983440662373503	0.7671641791044777
0.38983440662373503	0.7701492537313432
0.39029438822447104	0.7701492537313432
0.39029438822447104	0.7711442786069652
0.390754369825207	0.7711442786069652
0.39121435142594296	0.7711442786069652
0.39121435142594296	0.7721393034825871
0.3923643054277829	0.7721393034825871
0.39282428702851885	0.7721393034825871
0.3935142594296228	0.7721393034825871
0.39443422263109473	0.7721393034825871
0.39466421343146274	0.7721393034825871
0.3953541858325667	0.7731343283582089
0.39581416743330267	0.7731343283582089
0.3969641214351426	0.7751243781094528
0.3971941122355106	0.7751243781094528
0.3983440662373505	0.7751243781094528
0.3988040478380865	0.7751243781094528
0.3988040478380865	0.7761194029850746
0.39903403863845444	0.7761194029850746
0.3999540018399264	0.7761194029850746
0.40087396504139833	0.7761194029850746
0.4017939282428703	0.7761194029850746
0.40202391904323825	0.7761194029850746
0.40202391904323825	0.7771144278606965
0.40409383624655015	0.7771144278606965
0.4045538178472861	0.7771144278606965
0.4047838086476541	0.7781094527363184
0.4052437902483901	0.7781094527363184
0.40593376264949405	0.7781094527363184
0.4077736890524379	0.7781094527363184
0.4077736890524379	0.7791044776119403
0.40846366145354185	0.7791044776119403
0.4091536338546458	0.7800995024875622
0.41145354185832567	0.7800995024875622
0.4119135234590616	0.7800995024875622
0.4128334866605336	0.7800995024875622
0.4128334866605336	0.7810945273631841
0.41329346826126956	0.7810945273631841
0.4135234590616375	0.7810945273631841
0.4135234590616375	0.7820895522388059
0.4144434222631095	0.7820895522388059
0.41490340386384544	0.7820895522388059
0.4153633854645814	0.7840796019900498
0.4155933762649494	0.7840796019900498
0.4155933762649494	0.7850746268656716
0.41605335786568537	0.7850746268656716
0.4162833486660534	0.7850746268656716
0.41674333026678934	0.7850746268656716
0.4174333026678933	0.7850746268656716
0.4174333026678933	0.7860696517412935
0.4183532658693652	0.7860696517412935
0.4183532658693652	0.7870646766169154
0.4188132474701012	0.7870646766169154
0.41950321987120515	0.7870646766169154
0.4199632014719411	0.7870646766169154
0.4204231830726771	0.7870646766169154
0.4208831646734131	0.7870646766169154
0.422033118675253	0.7870646766169154
0.42249310027598896	0.7870646766169154
0.42410303587856485	0.7880597014925373
0.4250229990800368	0.7880597014925373
0.42594296228150874	0.7880597014925373
0.4266329346826127	0.7880597014925373
0.4266329346826127	0.7890547263681592
0.4273229070837167	0.7890547263681592
0.4273229070837167	0.7900497512437811
0.4275528978840846	0.7900497512437811
0.4282428702851886	0.7900497512437811
0.4300827966881325	0.7900497512437811
0.4310027598896044	0.7900497512437811
0.43238270469181234	0.7900497512437811
0.4330726770929163	0.7900497512437811
0.43353265869365226	0.7900497512437811
0.4337626494940202	0.7910447761194029
0.4339926402943882	0.7910447761194029
0.4339926402943882	0.7920398009950249
0.4362925482980681	0.7920398009950249
0.437672493100276	0.7920398009950249
0.4385924563017479	0.7920398009950249
0.43882244710211593	0.7920398009950249
0.4402023919043238	0.7920398009950249
0.44135234590616373	0.7920398009950249
0.44135234590616373	0.7930348258706468
0.4422723091076357	0.7930348258706468
0.4422723091076357	0.7940298507462686
0.44250229990800366	0.7940298507462686
0.4431922723091076	0.7940298507462686
0.44457221711131556	0.7940298507462686
0.4448022079116835	0.7940298507462686
0.4452621895124195	0.7940298507462686
0.4452621895124195	0.7950248756218905
0.44641214351425945	0.7950248756218905
0.44641214351425945	0.7960199004975125
0.44733210671573137	0.7960199004975125
0.44802207911683534	0.7960199004975125
0.44894204231830726	0.7960199004975125
0.4500919963201472	0.7960199004975125
0.4500919963201472	0.7970149253731343
0.4503219871205152	0.7970149253731343
0.4514719411223551	0.7970149253731343
0.4519319227230911	0.7980099502487562
0.4521619135234591	0.7980099502487562
0.452851885924563	0.7980099502487562
0.4540018399264029	0.7980099502487562
0.45446182152713893	0.7980099502487562
0.45515179392824284	0.7980099502487562
0.45699172033118673	0.7980099502487562
0.4586016559337627	0.7980099502487562
0.6807727690892365	0.9024875621890547
0.6812327506899724	0.9024875621890547
0.6819227230910764	0.9024875621890547
0.6819227230910764	0.9054726368159204
0.6821527138914444	0.9054726368159204
0.6833026678932843	0.9064676616915422
0.6837626494940202	0.9064676616915422
0.6839926402943882	0.9064676616915422
0.6839926402943882	0.9074626865671642
0.6842226310947562	0.9074626865671642
0.6842226310947562	0.9084577114427861
0.6846826126954921	0.9084577114427861
0.6846826126954921	0.909452736318408
0.6851425942962281	0.909452736318408
0.6851425942962281	0.9104477611940298
0.6858325666973321	0.9104477611940298
0.6867525298988041	0.9104477611940298
0.68721251149954	0.9114427860696518
0.6885924563017479	0.9114427860696518
0.6885924563017479	0.9124378109452737
0.6888224471021159	0.9124378109452737
0.6888224471021159	0.9134328358208955
0.6890524379024839	0.9134328358208955
0.6908923643054278	0.9144278606965174
0.6929622815087396	0.9144278606965174
0.6934222631094756	0.9144278606965174
0.6945722171113156	0.9144278606965174
0.6964121435142594	0.9154228855721394
0.6966421343146274	0.9154228855721394
0.6966421343146274	0.9164179104477612
0.6977920883164673	0.9164179104477612
0.6977920883164673	0.9174129353233831
0.6984820607175714	0.9174129353233831
0.6984820607175714	0.918407960199005
0.6991720331186753	0.918407960199005
0.6991720331186753	0.9194029850746268
0.6994020239190433	0.9194029850746268
0.7014719411223551	0.9194029850746268
0.7017019319227231	0.9194029850746268
0.7017019319227231	0.9213930348258706
0.7019319227230911	0.9213930348258706
0.702391904323827	0.9213930348258706
0.702391904323827	0.9223880597014925
0.703541858325667	0.9223880597014925
0.7049218031278749	0.9223880597014925
0.7051517939282429	0.9223880597014925
0.7056117755289788	0.9223880597014925
0.7076816927322908	0.9233830845771144
0.7079116835326587	0.9233830845771144
0.7079116835326587	0.9243781094527364
0.7081416743330267	0.9243781094527364
0.7081416743330267	0.9253731343283582
0.7086016559337627	0.9253731343283582
0.7099816007359706	0.9253731343283582
0.7104415823367065	0.9253731343283582
0.7120515179392825	0.9253731343283582
0.7136614535418583	0.9253731343283582
0.7138914443422263	0.9253731343283582
0.7138914443422263	0.9263681592039801
0.7143514259429623	0.9263681592039801
0.7148114075436982	0.9263681592039801
0.7157313707451702	0.9263681592039801
0.7157313707451702	0.9273631840796019
0.7166513339466422	0.9273631840796019
0.7166513339466422	0.9283582089552239
0.7168813247470102	0.9283582089552239
0.718491260349586	0.9283582089552239
0.7194112235510579	0.9283582089552239
0.7198712051517939	0.9283582089552239
0.7198712051517939	0.9293532338308458
0.7201011959521619	0.9293532338308458
0.7207911683532658	0.9293532338308458
0.7210211591536339	0.9293532338308458
0.7221711131554738	0.9293532338308458
0.7237810487580497	0.9293532338308458
0.7242410303587856	0.9293532338308458
0.7244710211591536	0.9293532338308458
0.7260809567617296	0.9303482587064676
0.7265409383624655	0.9303482587064676
0.7272309107635695	0.9323383084577115
0.7274609015639374	0.9323383084577115
0.7274609015639374	0.9333333333333333
0.7283808647654094	0.9343283582089552
0.7299908003679852	0.9343283582089552
0.7306807727690893	0.9343283582089552
0.7306807727690893	0.9353233830845771
0.7313707451701932	0.9353233830845771
0.7327506899724011	0.9353233830845771
0.733670653173873	0.9353233830845771
0.734130634774609	0.9353233830845771
0.734360625574977	0.9353233830845771
0.734590616375345	0.936318407960199
0.734590616375345	0.9373134328358209
0.734820607175713	0.9373134328358209
0.7364305427782889	0.9383084577114428
0.7366605335786569	0.9383084577114428
0.7366605335786569	0.9393034825870646
0.7368905243790248	0.9393034825870646
0.7375804967801288	0.9393034825870646
0.7378104875804968	0.9393034825870646
0.7389604415823368	0.9393034825870646
0.7391904323827047	0.9393034825870646
0.7391904323827047	0.9402985074626866
0.7398804047838087	0.9402985074626866
0.7405703771849126	0.9402985074626866
0.7412603495860166	0.9402985074626866
0.7412603495860166	0.9412935323383085
0.7419503219871205	0.9412935323383085
0.7424103035878565	0.9412935323383085
0.7426402943882244	0.9412935323383085
0.7431002759889604	0.9412935323383085
0.7440202391904324	0.9412935323383085
0.7449402023919043	0.9422885572139303
0.7474701011959521	0.9422885572139303
0.749770009199632	0.9422885572139303
0.749770009199632	0.9432835820895522
0.750229990800368	0.9432835820895522
0.750459981600736	0.9432835820895522
0.7509199632014719	0.9432835820895522
0.7513799448022079	0.9432835820895522
0.7518399264029438	0.9432835820895522
0.7520699172033118	0.9432835820895522
0.7541398344066237	0.9432835820895522
0.7555197792088316	0.9432835820895522
0.7566697332106715	0.9432835820895522
0.7571297148114076	0.9442786069651742
0.7573597056117756	0.9442786069651742
0.7573597056117756	0.945273631840796
0.7578196872125115	0.945273631840796
0.7594296228150874	0.945273631840796
0.7598896044158233	0.945273631840796
0.7617295308187673	0.9472636815920398
0.7621895124195032	0.9472636815920398
0.7628794848206072	0.9472636815920398
0.7637994480220791	0.9472636815920398
0.7637994480220791	0.9482587064676616
0.7642594296228151	0.9482587064676616
0.766329346826127	0.9492537313432836
0.7679392824287029	0.9492537313432836
0.7683992640294388	0.9492537313432836
0.7702391904323828	0.9492537313432836
0.7720791168353266	0.9492537313432836
0.7729990800367985	0.9492537313432836
0.7732290708371665	0.9502487562189055
0.7736890524379025	0.9502487562189055
0.7746090156393745	0.9502487562189055
0.7750689972401104	0.9502487562189055
0.7757589696412144	0.9502487562189055
0.7766789328426863	0.9502487562189055
0.7792088316467342	0.9502487562189055
0.7794388224471022	0.9502487562189055
0.7794388224471022	0.9512437810945273
0.7805887764489421	0.9512437810945273
0.7805887764489421	0.9522388059701492
0.7821987120515179	0.9522388059701492
0.7821987120515179	0.9532338308457712
0.7826586936522539	0.9532338308457712
0.7826586936522539	0.954228855721393
0.7828886844526219	0.954228855721393
0.7842686292548298	0.954228855721393
0.7854185832566697	0.954228855721393
0.7854185832566697	0.9552238805970149
0.7858785648574057	0.9552238805970149
0.7867985280588776	0.9552238805970149
0.7881784728610856	0.9552238805970149
0.7886384544618216	0.9552238805970149
0.7888684452621895	0.9562189054726368
0.7904783808647654	0.9572139303482587
0.7920883164673413	0.9572139303482587
0.7925482980680773	0.9572139303482587
0.7930082796688133	0.9572139303482587
0.7936982520699172	0.9572139303482587
0.7943882244710212	0.9572139303482587
0.797378104875805	0.9572139303482587
0.7985280588776449	0.9572139303482587
0.7989880404783809	0.9572139303482587
0.8005979760809567	0.9572139303482587
0.8005979760809567	0.9582089552238806
0.8010579576816927	0.9582089552238806
0.8028978840846366	0.9582089552238806
0.8035878564857406	0.9582089552238806
0.8040478380864765	0.9582089552238806
0.8065777368905244	0.9582089552238806
0.8070377184912604	0.9582089552238806
0.8072677092916284	0.9582089552238806
0.8077276908923643	0.9582089552238806
0.8079576816927323	0.9582089552238806
0.8084176632934683	0.9582089552238806
0.8097976080956761	0.9582089552238806
0.8118675252989881	0.9582089552238806
0.812097516099356	0.9582089552238806
0.812097516099356	0.9592039800995025
0.813017479300828	0.9592039800995025
0.8137074517019319	0.9592039800995025
0.8143974241030358	0.9592039800995025
0.8143974241030358	0.9601990049751243
0.8150873965041399	0.9611940298507463
0.8153173873045079	0.9611940298507463
0.8166973321067157	0.9621890547263682
0.8176172953081877	0.9621890547263682
0.8180772769089236	0.9621890547263682
0.8183072677092916	0.9621890547263682
0.8183072677092916	0.96318407960199
0.8185372585096596	0.96318407960199
0.8208371665133395	0.96318407960199
0.8210671573137075	0.96318407960199
0.8215271389144434	0.96318407960199
0.8215271389144434	0.9641791044776119
0.8222171113155474	0.9641791044776119
0.8222171113155474	0.9651741293532339
0.8233670653173873	0.9651741293532339
0.827046918123275	0.9651741293532339
0.827736890524379	0.9651741293532339
0.827736890524379	0.9661691542288557
0.828656853725851	0.9661691542288557
0.8293468261269549	0.9661691542288557
0.8307267709291628	0.9661691542288557
0.8321067157313707	0.9661691542288557
0.8323367065317387	0.9661691542288557
0.8327966881324746	0.9661691542288557
0.8350965961361545	0.9661691542288557
0.8378564857405704	0.9661691542288557
0.8380864765409384	0.9661691542288557
0.8380864765409384	0.9671641791044776
0.8385464581416743	0.9671641791044776
0.8396964121435143	0.9671641791044776
0.8396964121435143	0.9681592039800995
0.8401563937442502	0.9681592039800995
0.8408463661453542	0.9681592039800995
0.84360625574977	0.9681592039800995
0.8454461821527139	0.9681592039800995
0.8465961361545539	0.9681592039800995
0.8479760809567617	0.9681592039800995
0.8479760809567617	0.9691542288557214
0.8493560257589696	0.9691542288557214
0.8516559337626495	0.9701492537313433
0.8518859245630175	0.9701492537313433
0.8523459061637535	0.9701492537313433
0.8523459061637535	0.9711442786069652
0.8525758969641214	0.9711442786069652
0.8534958601655934	0.9711442786069652
0.8551057957681693	0.9711442786069652
0.8571757129714811	0.9711442786069652
0.8576356945722171	0.9711442786069652
0.859475620975161	0.9711442786069652
0.860395584176633	0.9711442786069652
0.860395584176633	0.972139303482587
0.8610855565777369	0.972139303482587
0.8615455381784729	0.972139303482587
0.8622355105795768	0.972139303482587
0.8626954921803128	0.972139303482587
0.8649954001839927	0.972139303482587
0.8654553817847286	0.972139303482587
0.8654553817847286	0.9731343283582089
0.8663753449862005	0.9731343283582089
0.8672953081876725	0.9731343283582089
0.8684452621895125	0.9731343283582089
0.8684452621895125	0.9741293532338309
0.8693652253909844	0.9741293532338309
0.8698252069917203	0.9741293532338309
0.8709751609935602	0.9741293532338309
0.8716651333946642	0.9741293532338309
0.8725850965961361	0.9741293532338309
0.8760349586016559	0.9741293532338309
0.8762649494020239	0.9751243781094527
0.8769549218031278	0.9751243781094527
0.8769549218031278	0.9771144278606965
0.8783348666053358	0.9771144278606965
0.8787948482060718	0.9771144278606965
0.8797148114075437	0.9771144278606965
0.8801747930082797	0.9771144278606965
0.8820147194112236	0.9771144278606965
0.8827046918123275	0.9771144278606965
0.8838546458141674	0.9771144278606965
0.8845446182152714	0.9771144278606965
0.8852345906163753	0.9771144278606965
0.8852345906163753	0.9781094527363184
0.8859245630174793	0.9781094527363184
0.8863845446182153	0.9781094527363184
0.8863845446182153	0.9791044776119403
0.8877644894204232	0.9791044776119403
0.8886844526218951	0.9791044776119403
0.8891444342226311	0.9791044776119403
0.889604415823367	0.9791044776119403
0.889604415823367	0.9800995024875622
0.890064397424103	0.9800995024875622
0.890524379024839	0.9800995024875622
0.8942042318307267	0.9800995024875622
0.8953541858325667	0.9800995024875622
0.8965041398344066	0.9800995024875622
0.8988040478380864	0.9800995024875622
0.9017939282428703	0.9800995024875622
0.9022539098436062	0.9800995024875622
0.9022539098436062	0.981094527363184
0.9038638454461821	0.981094527363184
0.9038638454461821	0.982089552238806
0.9045538178472861	0.982089552238806
0.9045538178472861	0.9830845771144279
0.9052437902483901	0.9830845771144279
0.905703771849126	0.9830845771144279
0.906623735050598	0.9830845771144279
0.9075436982520699	0.9830845771144279
0.9082336706531738	0.9830845771144279
0.9086936522539099	0.9830845771144279
0.9093836246550138	0.9830845771144279
0.9098436062557498	0.9830845771144279
0.9100735970561178	0.9830845771144279
0.9100735970561178	0.9840796019900497
0.9112235510579577	0.9840796019900497
0.9114535418583257	0.9850746268656716
0.9121435142594296	0.9860696517412936
0.9123735050597976	0.9860696517412936
0.9130634774609016	0.9870646766169154
0.9160533578656854	0.9870646766169154
0.9160533578656854	0.9880597014925373
0.9165133394664213	0.9880597014925373
0.9167433302667893	0.9880597014925373
0.9188132474701012	0.9880597014925373
0.9199632014719411	0.9880597014925373
0.9199632014719411	0.9890547263681592
0.921573137074517	0.9890547263681592
0.922493100275989	0.9890547263681592
0.922723091076357	0.9890547263681592
0.922723091076357	0.9900497512437811
0.9236430542778289	0.9900497512437811
0.9236430542778289	0.991044776119403
0.9241030358785649	0.991044776119403
0.9245630174793008	0.991044776119403
0.9257129714811407	0.991044776119403
0.9257129714811407	0.9920398009950249
0.9261729530818767	0.9920398009950249
0.9280128794848206	0.9920398009950249
0.9300827966881324	0.9920398009950249
0.9300827966881324	0.9930348258706467
0.9316927322907084	0.9930348258706467
0.9337626494940202	0.9930348258706467
0.9344526218951242	0.9930348258706467
0.9344526218951242	0.9940298507462687
0.9362925482980681	0.9940298507462687
0.9367525298988041	0.9940298507462687
0.937672493100276	0.9940298507462687
0.9395124195032198	0.9940298507462687
0.9415823367065317	0.9940298507462687
0.9434222631094756	0.9940298507462687
0.9461821527138914	0.9940298507462687
0.9480220791168353	0.9940298507462687
0.9487120515179392	0.9940298507462687
0.9491720331186753	0.9940298507462687
0.9507819687212512	0.9940298507462687
0.9546918123275069	0.9940298507462687
0.9569917203311867	0.9940298507462687
0.9581416743330267	0.9940298507462687
0.9590616375344986	0.9940298507462687
0.9604415823367065	0.9940298507462687
0.9620515179392825	0.9940298507462687
0.9629714811407544	0.9940298507462687
0.9638914443422263	0.9940298507462687
0.9643514259429623	0.9940298507462687
0.9657313707451702	0.9940298507462687
0.9680312787488501	0.9940298507462687
0.9707911683532658	0.9940298507462687
0.9721711131554738	0.9940298507462687
0.9728610855565777	0.9940298507462687
0.9728610855565777	0.9950248756218906
0.9733210671573137	0.9950248756218906
0.9740110395584176	0.9950248756218906
0.9749310027598896	0.9950248756218906
0.9770009199632015	0.9950248756218906
0.9774609015639374	0.9950248756218906
0.9779208831646734	0.9950248756218906
0.9802207911683533	0.9950248756218906
0.9804507819687213	0.9970149253731343
0.9809107635694572	0.9970149253731343
1.0	1.0
