0.0	0.0
0.00022999080036798528	0.0
0.00022999080036798528	0.001990049751243781
0.0006899724011039559	0.001990049751243781
0.0013799448022079118	0.001990049751243781
0.0018399264029438822	0.001990049751243781
0.0018399264029438822	0.0029850746268656717
0.0022999080036798527	0.0029850746268656717
0.0022999080036798527	0.004975124378109453
0.002989880404783809	0.004975124378109453
0.002989880404783809	0.005970149253731343
0.003219871205151794	0.005970149253731343
0.003219871205151794	0.007960199004975124
0.003219871205151794	0.011940298507462687
0.0034498620055197792	0.012935323383084577
0.004139834406623735	0.012935323383084577
0.004139834406623735	0.013930348258706468
0.004829806807727691	0.013930348258706468
0.004829806807727691	0.015920398009950248
0.005059797608095676	0.015920398009950248
0.005059797608095676	0.01791044776119403
0.0052897884084636615	0.01791044776119403
0.005519779208831647	0.01890547263681592
0.005519779208831647	0.01990049751243781
0.005979760809567618	0.01990049751243781
0.007589696412143515	0.01990049751243781
0.007589696412143515	0.020895522388059702
0.0078196872125115	0.020895522388059702
0.0078196872125115	0.021890547263681594
0.00827966881324747	0.021890547263681594
0.00827966881324747	0.022885572139303482
0.008509659613615455	0.022885572139303482
0.008509659613615455	0.023880597014925373
0.011499540018399264	0.041791044776119404
0.01218951241950322	0.04477611940298507
0.012419503219871205	0.04477611940298507
0.012649494020239191	0.046766169154228855
0.012649494020239191	0.04776119402985075
0.01310947562097516	0.04776119402985075
0.01310947562097516	0.04975124378109453
0.013569457221711132	0.051741293532338306
0.013569457221711132	0.0527363184079602
0.013799448022079117	0.0527363184079602
0.013799448022079117	0.05472636815920398
0.014259429622815088	0.05472636815920398
0.014489420423183073	0.05472636815920398
0.015639374425023	0.056716417910447764
0.015869365225390984	0.056716417910447764
0.015869365225390984	0.05771144278606965
0.01609935602575897	0.05771144278606965
0.016789328426862926	0.05870646766169154
0.01701931922723091	0.05870646766169154
0.017479300827966882	0.05970149253731343
0.017479300827966882	0.06069651741293532
0.017709291628334865	0.061691542288557215
0.017709291628334865	0.0626865671641791
0.01816927322907084	0.0626865671641791
0.01816927322907084	0.06368159203980099
0.01839926402943882	0.06368159203980099
0.018859245630174794	0.06368159203980099
0.019089236430542778	0.06368159203980099
0.019089236430542778	0.06467661691542288
0.01954921803127875	0.06467661691542288
0.024609015639374426	0.08656716417910448
0.024609015639374426	0.08756218905472637
0.025758969641214352	0.08756218905472637
0.025758969641214352	0.08855721393034825
0.025758969641214352	0.09054726368159204
0.025758969641214352	0.09154228855721393
0.025988960441582335	0.09253731343283582
0.026448942042318308	0.09253731343283582
0.026448942042318308	0.09353233830845771
0.026448942042318308	0.09751243781094528
0.026908923643054278	0.09751243781094528
0.027598896044158234	0.10149253731343283
0.02782888684452622	0.10149253731343283
0.028058877644894203	0.10248756218905472
0.028058877644894203	0.10348258706467661
0.02828886844526219	0.10348258706467661
0.02828886844526219	0.1044776119402985
0.028518859245630176	0.10845771144278607
0.029438822447102116	0.10845771144278607
0.029438822447102116	0.11044776119402985
0.029668813247470102	0.11144278606965174
0.03035878564857406	0.11144278606965174
0.03219871205151794	0.1154228855721393
0.03265869365225391	0.1154228855721393
0.03265869365225391	0.11741293532338308
0.03288868445262189	0.11840796019900497
0.03311867525298988	0.11840796019900497
0.03311867525298988	0.11940298507462686
0.033348666053357866	0.12039800995024875
0.03380864765409384	0.12039800995024875
0.038178472861085555	0.13333333333333333
0.03863845446182153	0.13333333333333333
0.04185832566697332	0.14029850746268657
0.04185832566697332	0.14228855721393036
0.04185832566697332	0.14328358208955225
0.042088316467341305	0.14328358208955225
0.04553817847286108	0.1482587064676617
0.04622815087396504	0.1482587064676617
0.04622815087396504	0.15024875621890546
0.04645814167433303	0.15024875621890546
0.046918123275068994	0.15223880597014924
0.046918123275068994	0.15323383084577114
0.04737810487580497	0.15323383084577114
0.047608095676172954	0.15422885572139303
0.047608095676172954	0.15522388059701492
0.04783808647654094	0.15522388059701492
0.04783808647654094	0.1562189054726368
0.04829806807727691	0.1562189054726368
0.05128794848206072	0.16318407960199005
0.05496780128794848	0.16517412935323383
0.05519779208831647	0.16517412935323383
0.05565777368905244	0.16716417910447762
0.05795768169273229	0.17114427860696518
0.05795768169273229	0.17313432835820897
0.05818767249310028	0.17313432835820897
0.05887764489420423	0.17313432835820897
0.05887764489420423	0.17412935323383086
0.05910763569457222	0.17412935323383086
0.05910763569457222	0.17512437810945275
0.059337626494940204	0.17512437810945275
0.06186752529898804	0.18308457711442785
0.06186752529898804	0.18507462686567164
0.06278748850045998	0.18507462686567164
0.06278748850045998	0.1890547263681592
0.0655473781048758	0.19203980099502488
0.06623735050597976	0.19203980099502488
0.06669733210671573	0.19402985074626866
0.06692732290708371	0.19402985074626866
0.06968721251149954	0.19800995024875623
0.06968721251149954	0.19900497512437812
0.06991720331186753	0.19900497512437812
0.07382704691812328	0.20398009950248755
0.07382704691812328	0.20497512437810944
0.07405703771849126	0.20497512437810944
0.07405703771849126	0.20597014925373133
0.07428702851885925	0.20597014925373133
0.07474701011959521	0.20696517412935322
0.07520699172033118	0.20696517412935322
0.07589696412143514	0.20696517412935322
0.0765869365225391	0.20796019900497512
0.07681692732290708	0.20796019900497512
0.07727690892364306	0.20796019900497512
0.07727690892364306	0.208955223880597
0.078196872125115	0.2099502487562189
0.08210671573137074	0.2109452736318408
0.08256669733210671	0.2109452736318408
0.08532658693652254	0.21293532338308457
0.08532658693652254	0.21393034825870647
0.08624655013799448	0.21393034825870647
0.09084636614535418	0.21791044776119403
0.09452621895124196	0.21990049751243781
0.09521619135234591	0.21990049751243781
0.09636614535418583	0.2208955223880597
0.0968261269549218	0.2208955223880597
0.10257589696412144	0.22587064676616916
0.10257589696412144	0.22686567164179106
0.10717571297148114	0.23184079601990049
0.10763569457221711	0.23184079601990049
0.11039558417663294	0.23283582089552238
0.11108555657773689	0.23283582089552238
0.11154553817847286	0.23283582089552238
0.11177552897884084	0.23283582089552238
0.11177552897884084	0.23383084577114427
0.11246550137994481	0.23383084577114427
0.11499540018399264	0.23482587064676616
0.11545538178472861	0.23482587064676616
0.11545538178472861	0.23681592039800994
0.11545538178472861	0.23781094527363184
0.11706531738730451	0.23980099502487562
0.11752529898804048	0.23980099502487562
0.11982520699172033	0.2417910447761194
0.11982520699172033	0.2427860696517413
0.12005519779208831	0.2427860696517413
0.12005519779208831	0.24378109452736318
0.7709291628334867	0.9243781094527364
0.7709291628334867	0.9253731343283582
0.7716191352345906	0.9253731343283582
0.7716191352345906	0.9263681592039801
0.7727690892364305	0.9263681592039801
0.7729990800367985	0.9263681592039801
0.7729990800367985	0.9273631840796019
0.7734590616375345	0.9273631840796019
0.7734590616375345	0.9283582089552239
0.7739190432382704	0.9283582089552239
0.7739190432382704	0.9293532338308458
0.7750689972401104	0.9293532338308458
0.7752989880404784	0.9293532338308458
0.7755289788408464	0.9313432835820895
0.7757589696412144	0.9313432835820895
0.7757589696412144	0.9323383084577115
0.7759889604415824	0.9323383084577115
0.7759889604415824	0.9333333333333333
0.7771389144434223	0.9333333333333333
0.7771389144434223	0.9343283582089552
0.7789788408463661	0.9402985074626866
0.7792088316467342	0.9412935323383085
0.7801287948482061	0.9412935323383085
0.7821987120515179	0.9462686567164179
0.7826586936522539	0.9462686567164179
0.7826586936522539	0.9472636815920398
0.7833486660533578	0.9472636815920398
0.7870285188592456	0.9502487562189055
0.7890984360625575	0.9502487562189055
0.7893284268629255	0.9502487562189055
0.7911683532658693	0.9552238805970149
0.7911683532658693	0.9562189054726368
0.7913983440662373	0.9562189054726368
0.7913983440662373	0.9572139303482587
0.7925482980680773	0.9592039800995025
0.7927782888684453	0.9592039800995025
0.7927782888684453	0.9601990049751243
0.7930082796688133	0.9601990049751243
0.7934682612695492	0.9601990049751243
0.7948482060717571	0.9601990049751243
0.7989880404783809	0.9601990049751243
0.7989880404783809	0.9611940298507463
0.8003679852805887	0.9611940298507463
0.8005979760809567	0.9621890547263682
0.8010579576816927	0.9621890547263682
0.8015179392824286	0.9621890547263682
0.8019779208831647	0.9621890547263682
0.8042778288868445	0.9641791044776119
0.8049678012879485	0.9641791044776119
0.8049678012879485	0.9651741293532339
0.8056577736890524	0.9651741293532339
0.8056577736890524	0.9661691542288557
0.8058877644894205	0.9661691542288557
0.8063477460901564	0.9661691542288557
0.8072677092916284	0.9661691542288557
0.8091076356945722	0.9661691542288557
0.8091076356945722	0.9671641791044776
0.8093376264949402	0.9671641791044776
0.8093376264949402	0.9681592039800995
0.8100275988960441	0.9681592039800995
0.8104875804967802	0.9681592039800995
0.8109475620975161	0.9681592039800995
0.8118675252989881	0.9681592039800995
0.812327506899724	0.9681592039800995
0.812557497700092	0.9681592039800995
0.812557497700092	0.9691542288557214
0.813017479300828	0.9691542288557214
0.8137074517019319	0.9691542288557214
0.8150873965041399	0.9691542288557214
0.8160073597056118	0.9691542288557214
0.8166973321067157	0.9691542288557214
0.8171573137074517	0.9691542288557214
0.8178472861085556	0.9691542288557214
0.8199172033118676	0.972139303482587
0.8203771849126035	0.972139303482587
0.8212971481140754	0.972139303482587
0.8235970561177552	0.9731343283582089
0.8235970561177552	0.9741293532338309
0.8238270469181233	0.9741293532338309
0.8242870285188593	0.9741293532338309
0.8249770009199632	0.9741293532338309
0.8258969641214351	0.9741293532338309
0.8265869365225391	0.9741293532338309
0.8268169273229071	0.9741293532338309
0.827276908923643	0.9741293532338309
0.827506899724011	0.9741293532338309
0.827966881324747	0.9741293532338309
0.828196872125115	0.9741293532338309
0.8295768169273229	0.9741293532338309
0.8307267709291628	0.9741293532338309
0.8316467341306347	0.9741293532338309
0.8323367065317387	0.9741293532338309
0.8327966881324746	0.9741293532338309
0.8332566697332107	0.9761194029850746
0.8341766329346826	0.9761194029850746
0.8348666053357866	0.9761194029850746
0.8348666053357866	0.9771144278606965
0.8350965961361545	0.9771144278606965
0.8355565777368905	0.9771144278606965
0.8373965041398344	0.9771144278606965
0.8380864765409384	0.9771144278606965
0.8385464581416743	0.9771144278606965
0.8385464581416743	0.9781094527363184
0.8390064397424103	0.9781094527363184
0.8390064397424103	0.9791044776119403
0.8399264029438822	0.9791044776119403
0.8406163753449862	0.9791044776119403
0.8410763569457221	0.9791044776119403
0.8410763569457221	0.9800995024875622
0.8424563017479301	0.9800995024875622
0.84360625574977	0.9800995024875622
0.844296228150874	0.9800995024875622
0.8449862005519779	0.9800995024875622
0.8456761729530818	0.9800995024875622
0.8461361545538179	0.9800995024875622
0.8463661453541859	0.9800995024875622
0.8468261269549218	0.9800995024875622
0.8472861085556578	0.9800995024875622
0.8486660533578657	0.9800995024875622
0.8500459981600736	0.9800995024875622
0.8500459981600736	0.981094527363184
0.8502759889604415	0.981094527363184
0.8518859245630175	0.981094527363184
0.8523459061637535	0.981094527363184
0.8530358785648574	0.981094527363184
0.8534958601655934	0.981094527363184
0.8537258509659613	0.981094527363184
0.8564857405703772	0.981094527363184
0.8567157313707452	0.981094527363184
0.8569457221711132	0.982089552238806
0.8574057037718491	0.982089552238806
0.8580956761729531	0.982089552238806
0.859705611775529	0.982089552238806
0.859935602575897	0.982089552238806
0.860165593376265	0.9830845771144279
0.8610855565777369	0.9830845771144279
0.8615455381784729	0.9840796019900497
0.8626954921803128	0.9840796019900497
0.8638454461821528	0.9840796019900497
0.8643054277828887	0.9840796019900497
0.8652253909843606	0.9840796019900497
0.8679852805887764	0.9850746268656716
0.8689052437902484	0.9850746268656716
0.8698252069917203	0.9860696517412936
0.8709751609935602	0.9860696517412936
0.8739650413983441	0.9860696517412936
0.874655013799448	0.9860696517412936
0.875344986200552	0.9860696517412936
0.8758049678012879	0.9860696517412936
0.8762649494020239	0.9860696517412936
0.8778748850045999	0.9880597014925373
0.8781048758049678	0.9880597014925373
0.8787948482060718	0.9880597014925373
0.8790248390064398	0.9880597014925373
0.8799448022079117	0.9880597014925373
0.8806347746090156	0.9880597014925373
0.8815547378104875	0.9880597014925373
0.8852345906163753	0.9880597014925373
0.8856945722171113	0.9880597014925373
0.8859245630174793	0.9880597014925373
0.8868445262189513	0.9880597014925373
0.8875344986200552	0.9880597014925373
0.891444342226311	0.9890547263681592
0.8919043238270469	0.9890547263681592
0.8921343146274149	0.9890547263681592
0.8925942962281509	0.9890547263681592
0.8935142594296228	0.9890547263681592
0.8944342226310947	0.9890547263681592
0.8951241950321988	0.9890547263681592
0.8960441582336707	0.9890547263681592
0.9017939282428703	0.9900497512437811
0.9029438822447102	0.9900497512437811
0.9036338546458141	0.9900497512437811
0.9047838086476541	0.9900497512437811
0.9100735970561178	0.9900497512437811
0.9103035878564857	0.9900497512437811
0.9112235510579577	0.9900497512437811
0.9121435142594296	0.9900497512437811
0.9139834406623735	0.9900497512437811
0.9155933762649494	0.9900497512437811
0.9201931922723091	0.9900497512437811
0.9206531738730451	0.9900497512437811
0.9206531738730451	0.991044776119403
0.921803127874885	0.991044776119403
0.922493100275989	0.991044776119403
0.922493100275989	0.9930348258706467
0.922723091076357	0.9930348258706467
0.9231830726770929	0.9930348258706467
0.9236430542778289	0.9930348258706467
0.9247930082796688	0.9930348258706467
0.9254829806807727	0.9930348258706467
0.9335326586936522	0.9930348258706467
0.9335326586936522	0.9940298507462687
0.93721251149954	0.9940298507462687
0.9452621895124195	0.9940298507462687
0.9471021159153634	0.9940298507462687
0.9475620975160993	0.9940298507462687
0.9500919963201472	0.9940298507462687
0.9500919963201472	0.9950248756218906
0.9503219871205152	0.9950248756218906
0.9627414903403864	0.9950248756218906
0.9638914443422263	0.9950248756218906
0.9638914443422263	0.9960199004975124
0.9648114075436982	0.9960199004975124
0.9652713891444342	0.9960199004975124
0.9655013799448022	0.9960199004975124
0.9659613615455381	0.9960199004975124
0.9678012879484821	0.9960199004975124
0.968491260349586	0.9960199004975124
0.968491260349586	0.9970149253731343
0.9698712051517939	0.9970149253731343
0.9705611775528978	0.9970149253731343
0.9712511499540019	0.9970149253731343
1.0	1.0
