0.0	0.0
0.00022999080036798528	0.0
0.00022999080036798528	0.0009950248756218905
0.0009199632014719411	0.0009950248756218905
0.0009199632014719411	0.003980099502487562
0.0013799448022079118	0.003980099502487562
0.0013799448022079118	0.006965174129353234
0.001609935602575897	0.006965174129353234
0.001609935602575897	0.007960199004975124
0.001609935602575897	0.010945273631840797
0.0018399264029438822	0.010945273631840797
0.0022999080036798527	0.010945273631840797
0.0022999080036798527	0.011940298507462687
0.0027598896044158236	0.011940298507462687
0.002989880404783809	0.013930348258706468
0.003219871205151794	0.014925373134328358
0.003219871205151794	0.015920398009950248
0.0034498620055197792	0.01691542288557214
0.0034498620055197792	0.01791044776119403
0.00390984360625575	0.01791044776119403
0.004599816007359705	0.01890547263681592
0.005059797608095676	0.01890547263681592
0.005979760809567618	0.01890547263681592
0.0068997240110395585	0.01890547263681592
0.007589696412143515	0.01890547263681592
0.0078196872125115	0.01990049751243781
0.008739650413983441	0.020895522388059702
0.008969641214351426	0.021890547263681594
0.009659613615455382	0.021890547263681594
0.009889604415823367	0.021890547263681594
0.010809567617295308	0.021890547263681594
0.011039558417663294	0.021890547263681594
0.011039558417663294	0.022885572139303482
0.011269549218031279	0.022885572139303482
0.011729530818767249	0.022885572139303482
0.012879484820607176	0.022885572139303482
0.013339466421343146	0.022885572139303482
0.014259429622815088	0.024875621890547265
0.014489420423183073	0.024875621890547265
0.01517939282428703	0.024875621890547265
0.015639374425023	0.025870646766169153
0.016329346826126957	0.027860696517412936
0.016329346826126957	0.028855721393034824
0.017249310027598896	0.028855721393034824
0.017479300827966882	0.029850746268656716
0.01839926402943882	0.029850746268656716
0.018859245630174794	0.031840796019900496
0.02000919963201472	0.031840796019900496
0.020699172033118676	0.03283582089552239
0.021619135234590615	0.03283582089552239
0.02230910763569457	0.03283582089552239
0.022539098436062558	0.03383084577114428
0.02276908923643054	0.03383084577114428
0.024149034038638453	0.03582089552238806
0.024609015639374426	0.03582089552238806
0.02483900643974241	0.03582089552238806
0.025068997240110396	0.03681592039800995
0.025758969641214352	0.03781094527363184
0.02621895124195032	0.03781094527363184
0.02667893284268629	0.03880597014925373
0.02828886844526219	0.04079601990049751
0.028518859245630176	0.04079601990049751
0.029438822447102116	0.042786069651741296
0.029668813247470102	0.04477611940298507
0.030818767249310028	0.04477611940298507
0.031278748850046	0.045771144278606964
0.03150873965041398	0.045771144278606964
0.03242870285188593	0.046766169154228855
0.03380864765409384	0.04776119402985075
0.03610855565777369	0.04975124378109453
0.037258509659613616	0.050746268656716415
0.03771849126034959	0.050746268656716415
0.038178472861085555	0.051741293532338306
0.03863845446182153	0.051741293532338306
0.03955841766329347	0.051741293532338306
0.039788408463661454	0.051741293532338306
0.04162833486660534	0.051741293532338306
0.042778288868445265	0.0527363184079602
0.04346826126954922	0.05472636815920398
0.04484820607175713	0.05572139303482587
0.045998160073597055	0.05870646766169154
0.04806807727690893	0.05870646766169154
0.048988040478380866	0.05870646766169154
0.04921803127874885	0.05870646766169154
0.049908003679852805	0.06069651741293532
0.05105795768169273	0.0626865671641791
0.05220791168353266	0.06666666666666667
0.05335786568537258	0.06666666666666667
0.05450781968721251	0.07064676616915423
0.054737810487580495	0.07064676616915423
0.05657773689052438	0.07164179104477612
0.05795768169273229	0.07263681592039802
0.058647654093836245	0.07263681592039802
0.060257589696412144	0.07462686567164178
0.061637534498620056	0.07761194029850746
0.062557497700092	0.08059701492537313
0.06439742410303588	0.08159203980099503
0.06508739650413983	0.08358208955223881
0.06600735970561178	0.08656716417910448
0.06738730450781968	0.08855721393034825
0.06761729530818768	0.08855721393034825
0.06853725850965961	0.08855721393034825
0.07060717571297148	0.09054726368159204
0.07290708371665133	0.09154228855721393
0.07428702851885925	0.09253731343283582
0.07566697332106716	0.09751243781094528
0.07612695492180313	0.09751243781094528
0.07750689972401104	0.09950248756218906
0.07980680772769089	0.10149253731343283
0.08049678012879485	0.10248756218905472
0.08325666973321068	0.1044776119402985
0.08509659613615456	0.1054726368159204
0.08739650413983441	0.10646766169154229
0.08969641214351426	0.11044776119402985
0.09038638454461821	0.11343283582089553
0.09130634774609016	0.11442786069651742
0.0922263109475621	0.11741293532338308
0.09337626494940203	0.12039800995024875
0.09498620055197791	0.12437810945273632
0.09590616375344986	0.1263681592039801
0.0968261269549218	0.12736318407960198
0.09981600735970561	0.12736318407960198
0.10050597976080956	0.12835820895522387
0.10142594296228151	0.12935323383084577
0.10211591536338546	0.13034825870646766
0.10349586016559338	0.13034825870646766
0.10510579576816928	0.13134328358208955
0.10602575896964121	0.13432835820895522
0.10763569457221711	0.1373134328358209
0.10855565777368906	0.1383084577114428
0.11016559337626496	0.14129353233830846
0.11085556577736891	0.14228855721393036
0.11269549218031279	0.14328358208955225
0.11292548298068077	0.14328358208955225
0.11384544618215271	0.14427860696517414
0.11476540938362466	0.1482587064676617
0.11568537258509659	0.14925373134328357
0.11683532658693652	0.15024875621890546
0.11775528978840846	0.15223880597014924
0.11890524379024839	0.15323383084577114
0.12051517939282429	0.15323383084577114
0.12166513339466421	0.15422885572139303
0.12166513339466421	0.15522388059701492
0.12442502299908004	0.15522388059701492
0.12580496780128794	0.1572139303482587
0.1267249310027599	0.15920398009950248
0.12833486660533577	0.16019900497512438
0.12925482980680772	0.16318407960199005
0.13017479300827967	0.16318407960199005
0.13201471941122356	0.16318407960199005
0.1329346826126955	0.16517412935323383
0.13362465501379944	0.16616915422885573
0.13385464581416742	0.1681592039800995
0.13569457221711131	0.17114427860696518
0.13707451701931922	0.17213930348258707
0.13845446182152715	0.17412935323383086
0.14006439742410304	0.17512437810945275
0.14098436062557498	0.1761194029850746
0.14167433302667892	0.1761194029850746
0.14282428702851885	0.1771144278606965
0.14466421343146274	0.1791044776119403
0.1453541858325667	0.1791044776119403
0.1467341306347746	0.18208955223880596
0.14742410303587858	0.18407960199004975
0.1485740570377185	0.18407960199004975
0.14949402023919042	0.18507462686567164
0.15064397424103035	0.18606965174129353
0.15225390984360626	0.18706467661691542
0.1529438822447102	0.18706467661691542
0.15386384544618215	0.1890547263681592
0.15524379024839005	0.1900497512437811
0.15639374425023	0.191044776119403
0.1577736890524379	0.19402985074626866
0.15892364305427784	0.19502487562189055
0.15915363385464582	0.19701492537313434
0.1593836246550138	0.2
0.1607635694572217	0.2009950248756219
0.16283348666053357	0.2019900497512438
0.1639834406623735	0.20298507462686566
0.16467341306347746	0.20398009950248755
0.16513339466421342	0.20398009950248755
0.16628334866605335	0.20398009950248755
0.1672033118675253	0.20398009950248755
0.16743330266789327	0.20597014925373133
0.16835326586936522	0.20696517412935322
0.16950321987120515	0.20696517412935322
0.1701931922723091	0.20696517412935322
0.1704231830726771	0.20796019900497512
0.17134314627414904	0.20796019900497512
0.17295308187672492	0.2109452736318408
0.1736430542778289	0.21194029850746268
0.17387304507819687	0.21393034825870647
0.17548298068077278	0.21592039800995025
0.1768629254829807	0.21691542288557214
0.17755289788408463	0.21890547263681592
0.17847286108555657	0.21990049751243781
0.18008279668813248	0.2218905472636816
0.18077276908923642	0.2218905472636816
0.1810027598896044	0.2228855721393035
0.18215271389144433	0.22487562189054727
0.18353265869365226	0.22587064676616916
0.1844526218951242	0.22786069651741295
0.18560257589696413	0.22786069651741295
0.1858325666973321	0.22786069651741295
0.18721251149954002	0.22885572139303484
0.18813247470101196	0.2298507462686567
0.1892824287028519	0.23283582089552238
0.19043238270469182	0.23283582089552238
0.19089236430542778	0.23681592039800994
0.1922723091076357	0.23980099502487562
0.19296228150873965	0.2427860696517413
0.19434222631094755	0.24676616915422886
0.19503219871205152	0.24676616915422886
0.19549218031278748	0.24776119402985075
0.19779208831646733	0.24875621890547264
0.19963201471941122	0.2527363184079602
0.20078196872125115	0.2537313432835821
0.2017019319227231	0.25472636815920396
0.203081876724931	0.25671641791044775
0.20423183072677092	0.25771144278606967
0.2049218031278749	0.25771144278606967
0.2063017479300828	0.25970149253731345
0.20860165593376265	0.25970149253731345
0.21044158233670654	0.2606965174129353
0.2127414903403864	0.263681592039801
0.21435142594296228	0.2716417910447761
0.21573137074517018	0.27562189054726366
0.21803127874885003	0.2766169154228856
0.21987120515179392	0.27761194029850744
0.22171113155473782	0.2796019900497512
0.2247010119595216	0.2796019900497512
0.2265409383624655	0.28258706467661693
0.22861085556577737	0.2845771144278607
0.23045078196872126	0.2845771144278607
0.23183072677092917	0.28756218905472636
0.23390064397424104	0.2885572139303483
0.23482060717571296	0.29054726368159206
0.23597056117755288	0.2935323383084577
0.2375804967801288	0.2965174129353234
0.23965041398344067	0.2975124378109453
0.24126034958601655	0.3004975124378109
0.24448022079116835	0.3024875621890547
0.2454001839926403	0.3044776119402985
0.2467801287948482	0.30845771144278605
0.2486200551977921	0.309452736318408
0.25229990800367985	0.3124378109452736
0.2543698252069917	0.3144278606965174
0.2545998160073597	0.3144278606965174
0.25597976080956764	0.31840796019900497
0.2582796688132475	0.3194029850746269
0.26241950321987123	0.32039800995024875
0.2647194112235511	0.32338308457711445
0.2665593376264949	0.3253731343283582
0.2683992640294388	0.3263681592039801
0.2702391904323827	0.32935323383084575
0.27276908923643056	0.3353233830845771
0.2757589696412143	0.3383084577114428
0.27713891444342226	0.34228855721393037
0.2794388224471021	0.3472636815920398
0.2796688132474701	0.3472636815920398
0.2796688132474701	0.3482587064676617
0.2831186752529899	0.354228855721393
0.2867985280588776	0.36218905472636814
0.2888684452621895	0.3641791044776119
0.2913983440662373	0.37213930348258706
0.2953081876724931	0.37412935323383084
0.3005979760809568	0.37512437810945276
0.30381784728610856	0.3800995024875622
0.30381784728610856	0.38109452736318405
0.3063477460901564	0.3870646766169154
0.3095676172953082	0.3890547263681592
0.31209751609935604	0.39303482587064675
0.31485740570377185	0.3990049751243781
0.3187672493100276	0.4009950248756219
0.3215271389144434	0.4059701492537313
0.3217571297148114	0.4059701492537313
0.32428702851885927	0.408955223880597
0.327966881324747	0.41194029850746267
0.33141674333026677	0.41492537313432837
0.33486660533578655	0.41890547263681593
0.33854645814167433	0.4228855721393035
0.33854645814167433	0.42388059701492536
0.34337626494940204	0.42786069651741293
0.34751609935602573	0.43084577114427863
0.3514259429622815	0.4338308457711443
0.3539558417663293	0.43781094527363185
0.3564857405703772	0.4437810945273632
0.3613155473781049	0.4487562189054726
0.36361545538178475	0.4557213930348259
0.3675252989880405	0.4577114427860697
0.3723551057957682	0.4626865671641791
0.3767249310027599	0.46766169154228854
0.3797148114075437	0.4716417910447761
0.38385464581416745	0.47761194029850745
0.3859245630174793	0.47960199004975124
0.3896044158233671	0.4845771144278607
0.38983440662373503	0.4845771144278607
0.3937442502299908	0.49154228855721394
0.3985740570377185	0.4935323383084577
0.3988040478380865	0.4935323383084577
0.4031738730450782	0.49850746268656715
0.4082336706531739	0.5014925373134328
0.4139834406623735	0.5044776119402985
0.4188132474701012	0.5054726368159204
0.4245630174793008	0.5114427860696518
0.4280128794848206	0.5164179104477612
0.43422263109475623	0.5174129353233831
0.43813247470101196	0.5223880597014925
0.4411223551057958	0.5263681592039801
0.44595216191352344	0.5293532338308458
0.44917203311867526	0.5313432835820896
0.46021159153633856	0.5492537313432836
0.46481140754369826	0.5522388059701493
0.47194112235510577	0.554228855721393
0.47861085556577737	0.5592039800995025
0.48367065317387303	0.5621890547263682
0.48850045998160074	0.5671641791044776
0.49494020239190434	0.5741293532338309
0.5006899724011039	0.582089552238806
0.5062097516099356	0.5900497512437811
0.5108095676172953	0.5950248756218905
0.516099356025759	0.6049751243781094
0.5239190432382704	0.6119402985074627
0.5241490340386384	0.6119402985074627
0.53081876724931	0.6169154228855721
0.531048758049678	0.6169154228855721
0.5363385464581417	0.6258706467661691
0.5455381784728611	0.6328358208955224
0.5540478380864765	0.6368159203980099
0.562557497700092	0.6467661691542289
0.5710671573137075	0.6547263681592039
0.5795768169273229	0.6587064676616915
0.5896964121435143	0.663681592039801
0.5979760809567617	0.6756218905472637
0.6055657773689053	0.6835820895522388
0.6143054277828887	0.6915422885572139
0.6205151793928243	0.700497512437811
0.6322447102115916	0.7074626865671642
0.6442042318307267	0.718407960199005
0.6552437902483901	0.727363184079602
0.6681232750689973	0.7373134328358208
0.6683532658693653	0.7373134328358208
0.6787028518859246	0.7492537313432835
0.68721251149954	0.7611940298507462
0.6996320147194113	0.7671641791044777
0.7102115915363385	0.7761194029850746
0.7217111315547378	0.7880597014925373
0.7382704691812327	0.8079601990049752
0.7506899724011039	0.8228855721393035
0.764489420423183	0.8338308457711443
0.7755289788408464	0.8497512437810946
0.7900183992640294	0.8567164179104477
0.7902483900643974	0.8567164179104477
0.8005979760809567	0.8676616915422886
0.8176172953081877	0.881592039800995
0.8337166513339467	0.8905472636815921
0.8488960441582337	0.9024875621890547
0.8649954001839927	0.9164179104477612
0.8875344986200552	0.9333333333333333
0.9096136154553818	0.9512437810945273
0.9339926402943882	0.9671641791044776
0.9671113155473781	0.9791044776119403
1.0	1.0
