0.0	0.0
0.0	0.0009950248756218905
0.0	0.005970149253731343
0.0013799448022079118	0.005970149253731343
0.0013799448022079118	0.008955223880597015
0.001609935602575897	0.008955223880597015
0.001609935602575897	0.010945273631840797
0.0018399264029438822	0.010945273631840797
0.0018399264029438822	0.012935323383084577
0.0020699172033118675	0.012935323383084577
0.0020699172033118675	0.01691542288557214
0.0022999080036798527	0.01691542288557214
0.0022999080036798527	0.021890547263681594
0.002529898804047838	0.021890547263681594
0.002529898804047838	0.023880597014925373
0.002529898804047838	0.025870646766169153
0.0027598896044158236	0.025870646766169153
0.0027598896044158236	0.026865671641791045
0.003219871205151794	0.026865671641791045
0.003219871205151794	0.027860696517412936
0.003219871205151794	0.031840796019900496
0.0034498620055197792	0.031840796019900496
0.0034498620055197792	0.03283582089552239
0.0036798528058877645	0.03383084577114428
0.00390984360625575	0.03383084577114428
0.00390984360625575	0.03482587064676617
0.004139834406623735	0.03582089552238806
0.0043698252069917206	0.03582089552238806
0.0043698252069917206	0.03781094527363184
0.004599816007359705	0.03781094527363184
0.004599816007359705	0.03880597014925373
0.005059797608095676	0.03880597014925373
0.0052897884084636615	0.03880597014925373
0.005749770009199632	0.03880597014925373
0.006209751609935602	0.03880597014925373
0.006209751609935602	0.03980099502487562
0.006439742410303588	0.03980099502487562
0.006439742410303588	0.04079601990049751
0.006669733210671573	0.04079601990049751
0.006669733210671573	0.041791044776119404
0.0068997240110395585	0.041791044776119404
0.007359705611775529	0.04477611940298507
0.007359705611775529	0.045771144278606964
0.0078196872125115	0.045771144278606964
0.0078196872125115	0.046766169154228855
0.008049678012879485	0.046766169154228855
0.008049678012879485	0.04776119402985075
0.008509659613615455	0.04776119402985075
0.008509659613615455	0.04975124378109453
0.008739650413983441	0.050746268656716415
0.008739650413983441	0.05373134328358209
0.008969641214351426	0.05373134328358209
0.009889604415823367	0.05373134328358209
0.010119595216191352	0.05373134328358209
0.010119595216191352	0.05472636815920398
0.010349586016559338	0.056716417910447764
0.011269549218031279	0.056716417910447764
0.011729530818767249	0.056716417910447764
0.01218951241950322	0.056716417910447764
0.01218951241950322	0.05970149253731343
0.012419503219871205	0.06069651741293532
0.012419503219871205	0.0626865671641791
0.012649494020239191	0.0626865671641791
0.012649494020239191	0.06467661691542288
0.012879484820607176	0.06467661691542288
0.012879484820607176	0.06567164179104477
0.012879484820607176	0.06766169154228856
0.012879484820607176	0.06865671641791045
0.01310947562097516	0.06865671641791045
0.014029438822447102	0.06865671641791045
0.014029438822447102	0.07164179104477612
0.014029438822447102	0.07263681592039802
0.014489420423183073	0.07263681592039802
0.014719411223551058	0.0736318407960199
0.014949402023919043	0.0736318407960199
0.014949402023919043	0.07462686567164178
0.01517939282428703	0.07462686567164178
0.015639374425023	0.07562189054726368
0.01609935602575897	0.07562189054726368
0.016329346826126957	0.07661691542288557
0.01655933762649494	0.07661691542288557
0.017249310027598896	0.07761194029850746
0.017709291628334865	0.07761194029850746
0.017709291628334865	0.07960199004975124
0.01816927322907084	0.07960199004975124
0.01839926402943882	0.08059701492537313
0.01839926402943882	0.0845771144278607
0.018629254829806808	0.0845771144278607
0.018629254829806808	0.08656716417910448
0.018859245630174794	0.08656716417910448
0.019089236430542778	0.08756218905472637
0.019089236430542778	0.09054726368159204
0.019319227230910764	0.09253731343283582
0.019319227230910764	0.09353233830845771
0.01954921803127875	0.09353233830845771
0.01954921803127875	0.0955223880597015
0.01954921803127875	0.09850746268656717
0.019779208831646734	0.09950248756218906
0.021619135234590615	0.10149253731343283
0.021849126034958602	0.10149253731343283
0.021849126034958602	0.1044776119402985
0.021849126034958602	0.1054726368159204
0.02207911683532659	0.1054726368159204
0.02207911683532659	0.10646766169154229
0.02230910763569457	0.10646766169154229
0.02230910763569457	0.10746268656716418
0.022539098436062558	0.10746268656716418
0.022539098436062558	0.10945273631840796
0.02276908923643054	0.10945273631840796
0.022999080036798528	0.11144278606965174
0.022999080036798528	0.11343283582089553
0.023459061637534497	0.11343283582089553
0.023459061637534497	0.11442786069651742
0.023689052437902484	0.1154228855721393
0.02391904323827047	0.1154228855721393
0.02437902483900644	0.1154228855721393
0.024609015639374426	0.1154228855721393
0.024609015639374426	0.11840796019900497
0.025068997240110396	0.11940298507462686
0.025068997240110396	0.12139303482587065
0.025298988040478382	0.12338308457711443
0.025298988040478382	0.12736318407960198
0.025988960441582335	0.12736318407960198
0.025988960441582335	0.13233830845771144
0.02667893284268629	0.13233830845771144
0.026908923643054278	0.13233830845771144
0.02782888684452622	0.13233830845771144
0.02782888684452622	0.13432835820895522
0.028058877644894203	0.13432835820895522
0.028518859245630176	0.13432835820895522
0.028518859245630176	0.13532338308457711
0.028978840846366146	0.13532338308457711
0.028978840846366146	0.136318407960199
0.029668813247470102	0.136318407960199
0.029668813247470102	0.1383084577114428
0.03035878564857406	0.1383084577114428
0.03035878564857406	0.13930348258706468
0.030818767249310028	0.13930348258706468
0.030818767249310028	0.14129353233830846
0.031048758049678014	0.14228855721393036
0.03242870285188593	0.14228855721393036
0.03242870285188593	0.14328358208955225
0.03288868445262189	0.14328358208955225
0.03288868445262189	0.14427860696517414
0.035878564857405704	0.1482587064676617
0.03633854645814168	0.1482587064676617
0.03633854645814168	0.14925373134328357
0.036568537258509656	0.15223880597014924
0.0374885004599816	0.15223880597014924
0.0374885004599816	0.15323383084577114
0.03771849126034959	0.15323383084577114
0.03771849126034959	0.15522388059701492
0.038178472861085555	0.15522388059701492
0.03840846366145354	0.1562189054726368
0.03863845446182153	0.1562189054726368
0.0390984360625575	0.1572139303482587
0.0390984360625575	0.1582089552238806
0.03955841766329347	0.16019900497512438
0.04024839006439743	0.16019900497512438
0.04024839006439743	0.16119402985074627
0.04070837166513339	0.16218905472636816
0.041168353265869366	0.16218905472636816
0.041168353265869366	0.16318407960199005
0.04254829806807728	0.16318407960199005
0.04254829806807728	0.16517412935323383
0.043698252069917204	0.16716417910447762
0.04415823367065318	0.16716417910447762
0.04415823367065318	0.1681592039800995
0.04438822447102116	0.1681592039800995
0.04438822447102116	0.1691542288557214
0.04461821527138914	0.17114427860696518
0.04484820607175713	0.17114427860696518
0.045078196872125116	0.17213930348258707
0.045078196872125116	0.17412935323383086
0.04553817847286108	0.17412935323383086
0.04553817847286108	0.17512437810945275
0.04576816927322907	0.17512437810945275
0.04622815087396504	0.17512437810945275
0.046688132474701015	0.1781094527363184
0.046918123275068994	0.1781094527363184
0.04737810487580497	0.1781094527363184
0.047608095676172954	0.1781094527363184
0.047608095676172954	0.1791044776119403
0.04829806807727691	0.1791044776119403
0.04829806807727691	0.18109452736318407
0.04829806807727691	0.18308457711442785
0.04852805887764489	0.18308457711442785
0.04852805887764489	0.18407960199004975
0.04875804967801288	0.18407960199004975
0.04875804967801288	0.18507462686567164
0.04944802207911683	0.18507462686567164
0.04944802207911683	0.18706467661691542
0.04967801287948482	0.18706467661691542
0.04967801287948482	0.1900497512437811
0.05013799448022079	0.1900497512437811
0.05013799448022079	0.19203980099502488
0.05128794848206072	0.19203980099502488
0.05634774609015639	0.20298507462686566
0.05634774609015639	0.20497512437810944
0.05657773689052438	0.20497512437810944
0.05657773689052438	0.208955223880597
0.056807727690892366	0.208955223880597
0.056807727690892366	0.2109452736318408
0.057727690892364306	0.2109452736318408
0.057727690892364306	0.21293532338308457
0.05818767249310028	0.21293532338308457
0.05887764489420423	0.21492537313432836
0.05887764489420423	0.21691542288557214
0.05910763569457222	0.21691542288557214
0.05910763569457222	0.21990049751243781
0.06002759889604416	0.2208955223880597
0.06048758049678013	0.2208955223880597
0.06048758049678013	0.2218905472636816
0.06071757129714812	0.2218905472636816
0.06071757129714812	0.2228855721393035
0.060947562097516096	0.2228855721393035
0.060947562097516096	0.22388059701492538
0.06209751609935603	0.22388059701492538
0.06209751609935603	0.22487562189054727
0.06232750689972401	0.22487562189054727
0.06301747930082796	0.22487562189054727
0.06301747930082796	0.22686567164179106
0.06370745170193193	0.22686567164179106
0.06370745170193193	0.22885572139303484
0.06508739650413983	0.22885572139303484
0.06508739650413983	0.2298507462686567
0.0655473781048758	0.2298507462686567
0.06577736890524379	0.2298507462686567
0.06577736890524379	0.2308457711442786
0.06669733210671573	0.2308457711442786
0.06669733210671573	0.23383084577114427
0.06692732290708371	0.23383084577114427
0.0671573137074517	0.23582089552238805
0.0671573137074517	0.23781094527363184
0.06738730450781968	0.23980099502487562
0.06761729530818768	0.2407960199004975
0.06784728610855566	0.2407960199004975
0.0687672493100276	0.2407960199004975
0.06899724011039558	0.2407960199004975
0.06922723091076358	0.24378109452736318
0.06968721251149954	0.24378109452736318
0.06968721251149954	0.24676616915422886
0.06991720331186753	0.24676616915422886
0.06991720331186753	0.24776119402985075
0.07014719411223551	0.2507462686567164
0.07014719411223551	0.2517412935323383
0.0703771849126035	0.2517412935323383
0.0703771849126035	0.2527363184079602
0.07060717571297148	0.2527363184079602
0.07060717571297148	0.2537313432835821
0.07106715731370745	0.2537313432835821
0.07106715731370745	0.25472636815920396
0.07129714811407543	0.25472636815920396
0.07129714811407543	0.25671641791044775
0.07152713891444343	0.25671641791044775
0.07152713891444343	0.25771144278606967
0.07175712971481141	0.25771144278606967
0.07267709291628335	0.25970149253731345
0.07267709291628335	0.263681592039801
0.07290708371665133	0.2646766169154229
0.0733670653173873	0.2646766169154229
0.0733670653173873	0.26666666666666666
0.0733670653173873	0.27064676616915423
0.07359705611775529	0.27064676616915423
0.07359705611775529	0.2716417910447761
0.07382704691812328	0.2716417910447761
0.07382704691812328	0.272636815920398
0.07451701931922723	0.272636815920398
0.07451701931922723	0.2736318407960199
0.07474701011959521	0.2736318407960199
0.07474701011959521	0.2746268656716418
0.07520699172033118	0.2746268656716418
0.07520699172033118	0.27562189054726366
0.07543698252069918	0.27562189054726366
0.07589696412143514	0.2796019900497512
0.07612695492180313	0.2796019900497512
0.07612695492180313	0.28059701492537314
0.07635694572217111	0.28059701492537314
0.07635694572217111	0.28258706467661693
0.07704691812327506	0.28258706467661693
0.07704691812327506	0.2835820895522388
0.07727690892364306	0.2835820895522388
0.07727690892364306	0.2845771144278607
0.07750689972401104	0.2845771144278607
0.07750689972401104	0.28756218905472636
0.07865685372585096	0.28955223880597014
0.08072677092916283	0.28955223880597014
0.08601655933762649	0.2965174129353234
0.08624655013799448	0.2965174129353234
0.08739650413983441	0.2965174129353234
0.08739650413983441	0.2975124378109453
0.08785648574057038	0.2975124378109453
0.08785648574057038	0.29950248756218906
0.08831646734130635	0.29950248756218906
0.08831646734130635	0.30149253731343284
0.08854645814167433	0.30149253731343284
0.08969641214351426	0.3054726368159204
0.09084636614535418	0.31144278606965176
0.09130634774609016	0.31144278606965176
0.09245630174793008	0.3124378109452736
0.09268629254829806	0.3124378109452736
0.09291628334866606	0.31343283582089554
0.09360625574977001	0.3154228855721393
0.09360625574977001	0.3164179104477612
0.09429622815087396	0.31840796019900497
0.09475620975160993	0.31840796019900497
0.09567617295308188	0.31840796019900497
0.09567617295308188	0.3194029850746269
0.09613615455381785	0.3194029850746269
0.09636614535418583	0.3194029850746269
0.0968261269549218	0.32139303482587067
0.09728610855565778	0.32139303482587067
0.09797608095676173	0.32238805970149254
0.09820607175712971	0.32238805970149254
0.09912603495860166	0.3243781094527363
0.10004599816007359	0.3243781094527363
0.10004599816007359	0.3263681592039801
0.10096596136154554	0.3263681592039801
0.10257589696412144	0.3263681592039801
0.10257589696412144	0.3283582089552239
0.10326586936522539	0.3283582089552239
0.10326586936522539	0.33034825870646767
0.10372585096596136	0.33034825870646767
0.10372585096596136	0.33233830845771145
0.10418583256669733	0.33233830845771145
0.10418583256669733	0.33432835820895523
0.10487580496780129	0.33432835820895523
0.10487580496780129	0.3353233830845771
0.10533578656853726	0.3353233830845771
0.10533578656853726	0.336318407960199
0.10579576816927323	0.336318407960199
0.10602575896964121	0.3373134328358209
0.1062557497700092	0.3373134328358209
0.10763569457221711	0.3383084577114428
0.10763569457221711	0.33930348258706466
0.10786568537258509	0.33930348258706466
0.10832566697332106	0.33930348258706466
0.10970561177552898	0.34129353233830845
0.10993560257589696	0.34129353233830845
0.10993560257589696	0.34228855721393037
0.11085556577736891	0.34328358208955223
0.11108555657773689	0.34328358208955223
0.11108555657773689	0.34427860696517415
0.11131554737810488	0.34427860696517415
0.11177552897884084	0.34427860696517415
0.11246550137994481	0.34427860696517415
0.11246550137994481	0.34626865671641793
0.11269549218031279	0.34626865671641793
0.11269549218031279	0.3482587064676617
0.11292548298068077	0.3482587064676617
0.11292548298068077	0.3492537313432836
0.11315547378104876	0.3492537313432836
0.11384544618215271	0.3492537313432836
0.11591536338546458	0.3492537313432836
0.11591536338546458	0.35124378109452736
0.11637534498620056	0.35124378109452736
0.11637534498620056	0.3522388059701492
0.11660533578656854	0.3522388059701492
0.11660533578656854	0.35323383084577115
0.11729530818767249	0.35323383084577115
0.11729530818767249	0.354228855721393
0.11752529898804048	0.354228855721393
0.11959521619135234	0.3582089552238806
0.11982520699172033	0.3582089552238806
0.11982520699172033	0.3592039800995025
0.12051517939282429	0.3592039800995025
0.12442502299908004	0.36318407960199006
0.12442502299908004	0.36517412935323385
0.12856485740570378	0.3711442786069652
0.12879484820607176	0.3711442786069652
0.12948482060717573	0.3711442786069652
0.12948482060717573	0.37213930348258706
0.13017479300827967	0.37213930348258706
0.13040478380864765	0.37213930348258706
0.13040478380864765	0.37412935323383084
0.1313247470101196	0.37412935323383084
0.13316467341306348	0.37412935323383084
0.13408463661453543	0.37412935323383084
0.13615455381784727	0.37711442786069654
0.13661453541858326	0.37711442786069654
0.13684452621895124	0.37711442786069654
0.1391444342226311	0.3781094527363184
0.13960441582336708	0.3781094527363184
0.13960441582336708	0.3800995024875622
0.14006439742410304	0.3800995024875622
0.1421343146274149	0.382089552238806
0.1423643054277829	0.382089552238806
0.1423643054277829	0.38308457711442784
0.14282428702851885	0.38308457711442784
0.14305427782888686	0.38308457711442784
0.14420423183072678	0.38308457711442784
0.14650413983440663	0.38308457711442784
0.14742410303587858	0.38308457711442784
0.14765409383624656	0.38308457711442784
0.14880404783808648	0.38308457711442784
0.14949402023919042	0.3850746268656716
0.14972401103955843	0.38606965174129354
0.1501839926402944	0.38606965174129354
0.1501839926402944	0.3870646766169154
0.1501839926402944	0.3890547263681592
0.15064397424103035	0.3890547263681592
0.15064397424103035	0.3900497512437811
0.15110395584176634	0.3900497512437811
0.15110395584176634	0.39104477611940297
0.15133394664213431	0.39104477611940297
0.15133394664213431	0.39303482587064675
0.1515639374425023	0.3940298507462687
0.15179392824287027	0.3940298507462687
0.15179392824287027	0.39502487562189054
0.1529438822447102	0.39502487562189054
0.1531738730450782	0.39601990049751246
0.15363385464581417	0.39601990049751246
0.15409383624655013	0.3970149253731343
0.15409383624655013	0.3990049751243781
0.1545538178472861	0.4
0.1545538178472861	0.4009950248756219
0.1547838086476541	0.4009950248756219
0.1547838086476541	0.40298507462686567
0.7939282428702852	0.9532338308457712
0.7941582336706532	0.9532338308457712
0.7946182152713891	0.9532338308457712
0.7948482060717571	0.9532338308457712
0.7953081876724931	0.9532338308457712
0.795998160073597	0.9532338308457712
0.796688132474701	0.9532338308457712
0.797148114075437	0.9532338308457712
0.7985280588776449	0.9532338308457712
0.7989880404783809	0.9552238805970149
0.7996780128794848	0.9552238805970149
0.7996780128794848	0.9562189054726368
0.8008279668813247	0.9562189054726368
0.8008279668813247	0.9572139303482587
0.8017479300827967	0.9572139303482587
0.8024379024839007	0.9572139303482587
0.8024379024839007	0.9582089552238806
0.8031278748850046	0.9582089552238806
0.8035878564857406	0.9582089552238806
0.8035878564857406	0.9592039800995025
0.8042778288868445	0.9592039800995025
0.8045078196872125	0.9592039800995025
0.8049678012879485	0.9592039800995025
0.8056577736890524	0.9592039800995025
0.8065777368905244	0.9592039800995025
0.8065777368905244	0.9601990049751243
0.8070377184912604	0.9601990049751243
0.8070377184912604	0.9611940298507463
0.8072677092916284	0.9611940298507463
0.8072677092916284	0.96318407960199
0.8074977000919963	0.96318407960199
0.8074977000919963	0.9651741293532339
0.8077276908923643	0.9651741293532339
0.8077276908923643	0.9661691542288557
0.8079576816927323	0.9661691542288557
0.8088776448942042	0.9661691542288557
0.8091076356945722	0.9661691542288557
0.8095676172953082	0.9661691542288557
0.8095676172953082	0.9681592039800995
0.8100275988960441	0.9681592039800995
0.8104875804967802	0.9681592039800995
0.8109475620975161	0.9681592039800995
0.8109475620975161	0.9691542288557214
0.8111775528978841	0.9711442786069652
0.8116375344986201	0.9711442786069652
0.812097516099356	0.9711442786069652
0.812097516099356	0.972139303482587
0.812327506899724	0.972139303482587
0.81278748850046	0.972139303482587
0.8132474701011959	0.972139303482587
0.8137074517019319	0.972139303482587
0.8157773689052438	0.972139303482587
0.8164673413063478	0.9731343283582089
0.8169273229070837	0.9731343283582089
0.8169273229070837	0.9741293532338309
0.8171573137074517	0.9741293532338309
0.8180772769089236	0.9741293532338309
0.8201471941122355	0.9741293532338309
0.8206071757129715	0.9741293532338309
0.8208371665133395	0.9741293532338309
0.8212971481140754	0.9741293532338309
0.8215271389144434	0.9741293532338309
0.8222171113155474	0.9741293532338309
0.8229070837166513	0.9741293532338309
0.8229070837166513	0.9751243781094527
0.8240570377184913	0.9751243781094527
0.8245170193192273	0.9751243781094527
0.8249770009199632	0.9751243781094527
0.8258969641214351	0.9751243781094527
0.8261269549218031	0.9751243781094527
0.8265869365225391	0.9751243781094527
0.827276908923643	0.9751243781094527
0.827736890524379	0.9751243781094527
0.828656853725851	0.9751243781094527
0.828656853725851	0.9761194029850746
0.828886844526219	0.9761194029850746
0.8293468261269549	0.9761194029850746
0.8318767249310027	0.9761194029850746
0.8362465501379944	0.9771144278606965
0.8371665133394665	0.9771144278606965
0.8376264949402024	0.9771144278606965
0.8380864765409384	0.9771144278606965
0.8380864765409384	0.9781094527363184
0.8390064397424103	0.9781094527363184
0.8390064397424103	0.9791044776119403
0.8399264029438822	0.9791044776119403
0.8399264029438822	0.9800995024875622
0.8408463661453542	0.9800995024875622
0.8415363385464582	0.9800995024875622
0.8424563017479301	0.9800995024875622
0.8429162833486661	0.9800995024875622
0.84360625574977	0.9800995024875622
0.8445262189512419	0.9800995024875622
0.8454461821527139	0.9800995024875622
0.8454461821527139	0.981094527363184
0.8459061637534498	0.981094527363184
0.8459061637534498	0.982089552238806
0.8465961361545539	0.982089552238806
0.8484360625574977	0.9840796019900497
0.8488960441582337	0.9840796019900497
0.8495860165593376	0.9840796019900497
0.8505059797608095	0.9840796019900497
0.8516559337626495	0.9840796019900497
0.8516559337626495	0.9850746268656716
0.8521159153633855	0.9850746268656716
0.8525758969641214	0.9850746268656716
0.8541858325666973	0.9850746268656716
0.8546458141674333	0.9850746268656716
0.8548758049678012	0.9850746268656716
0.8548758049678012	0.9860696517412936
0.8555657773689053	0.9860696517412936
0.8560257589696412	0.9860696517412936
0.8569457221711132	0.9860696517412936
0.859245630174793	0.9860696517412936
0.859705611775529	0.9860696517412936
0.860395584176633	0.9860696517412936
0.8606255749770009	0.9860696517412936
0.8622355105795768	0.9860696517412936
0.8629254829806807	0.9860696517412936
0.8633854645814167	0.9860696517412936
0.8640754369825207	0.9860696517412936
0.8645354185832567	0.9860696517412936
0.8647654093836247	0.9860696517412936
0.8647654093836247	0.9870646766169154
0.8652253909843606	0.9870646766169154
0.8659153633854646	0.9870646766169154
0.8668353265869365	0.9870646766169154
0.8672953081876725	0.9870646766169154
0.8682152713891444	0.9870646766169154
0.8689052437902484	0.9880597014925373
0.8693652253909844	0.9880597014925373
0.8714351425942962	0.9890547263681592
0.8718951241950322	0.9890547263681592
0.8723551057957681	0.9890547263681592
0.8730450781968722	0.9890547263681592
0.8737350505979761	0.9890547263681592
0.8741950321987121	0.9890547263681592
0.874655013799448	0.9890547263681592
0.875114995400184	0.9890547263681592
0.8767249310027599	0.9890547263681592
0.8778748850045999	0.9890547263681592
0.8781048758049678	0.9890547263681592
0.8794848206071757	0.9890547263681592
0.8797148114075437	0.9890547263681592
0.8801747930082797	0.9890547263681592
0.8806347746090156	0.9890547263681592
0.8820147194112236	0.9890547263681592
0.8829346826126955	0.9890547263681592
0.890294388224471	0.9890547263681592
0.890754369825207	0.9890547263681592
0.8925942962281509	0.9890547263681592
0.8937442502299908	0.9890547263681592
0.8937442502299908	0.9900497512437811
0.8953541858325667	0.9900497512437811
0.8967341306347746	0.9900497512437811
0.8976540938362465	0.9900497512437811
0.8978840846366145	0.9900497512437811
0.8992640294388224	0.9900497512437811
0.8997240110395585	0.9900497512437811
0.9006439742410304	0.9900497512437811
0.9008739650413984	0.9900497512437811
0.9017939282428703	0.9900497512437811
0.9038638454461821	0.9900497512437811
0.9045538178472861	0.9900497512437811
0.9045538178472861	0.991044776119403
0.9047838086476541	0.991044776119403
0.9077736890524379	0.991044776119403
0.9080036798528058	0.991044776119403
0.9098436062557498	0.991044776119403
0.9105335786568537	0.991044776119403
0.9105335786568537	0.9920398009950249
0.9116835326586936	0.9920398009950249
0.9137534498620056	0.9920398009950249
0.9142134314627415	0.9920398009950249
0.9151333946642134	0.9940298507462687
0.9155933762649494	0.9940298507462687
0.9160533578656854	0.9940298507462687
0.9268629254829807	0.9940298507462687
0.9275528978840847	0.9940298507462687
0.9280128794848206	0.9940298507462687
0.9287028518859246	0.9940298507462687
0.9296228150873965	0.9940298507462687
0.9312327506899724	0.9940298507462687
0.9316927322907084	0.9940298507462687
0.9319227230910764	0.9940298507462687
0.9319227230910764	0.9950248756218906
0.9333026678932843	0.9950248756218906
0.9358325666973321	0.9950248756218906
0.9362925482980681	0.9950248756218906
0.9381324747010119	0.9950248756218906
0.9385924563017479	0.9950248756218906
0.9390524379024839	0.9950248756218906
0.9406623735050598	0.9950248756218906
0.9408923643054278	0.9950248756218906
0.9438822447102115	0.9950248756218906
0.9448022079116836	0.9950248756218906
0.9457221711131555	0.9950248756218906
0.9461821527138914	0.9950248756218906
0.9466421343146274	0.9950248756218906
0.9491720331186753	0.9950248756218906
0.953081876724931	0.9950248756218906
0.953771849126035	0.9950248756218906
0.954231830726771	0.9950248756218906
0.9544618215271389	0.9950248756218906
0.9563017479300828	0.9950248756218906
0.9567617295308187	0.9950248756218906
0.9581416743330267	0.9960199004975124
0.9586016559337627	0.9960199004975124
0.9592916283348666	0.9960199004975124
0.9597516099356026	0.9960199004975124
0.9606715731370745	0.9960199004975124
0.9613615455381784	0.9970149253731343
0.9627414903403864	0.9970149253731343
1.0	1.0
